1.64 29117.0 
8.687 14834.0 
7.911 14871.0 
6.594 15017.0 
7.134 15016.0 
8.406 14866.0 
3.868 16116.0 
1.657 28857.0 
7.601 14942.0 
6.282 15034.0 
5.636 15103.0 
1.717 27279.0 
5.95 15102.0 
1.672 28198.0 
1.743 26837.0 
4.881 15279.0 
2.741 18972.0 
3.499 16746.0 
3.776 16326.0 
3.253 17510.0 
6.586 15023.0 
2.469 20361.0 
1.756 26675.0 
2.296 21417.0 
1.709 27506.0 
4.517 15485.0 
1.955 24182.0 
1.838 25385.0 
5.168 15174.0 
7.324 14958.0 
2.506 20086.0 
7.723 14896.0 
1.995 23950.0 
2.008 23702.0 
3.382 16974.0 
8.439 14846.0 
1.7 27873.0 
2.906 18234.0 
2.422 20562.0 
3.693 16413.0 
2.622 19587.0 
3.021 17911.0 
2.28 21800.0 
8.673 14842.0 
2.04 23464.0 
4.06 15874.0 
4.06 15874.0 
5.339 15138.0 
4.744 15334.0 
2.673 19235.0 
5.027 15243.0 
3.092 17746.0 
4.689 15391.0 
1.818 25729.0 
6.146 15058.0 
2.976 18028.0 
1.795 25952.0 
2.406 20768.0 
2.322 21256.0 
2.659 19282.0 
1.93 24434.0 
5.982 15078.0 
5.507 15107.0 
2.541 19912.0 
1.78 26269.0 
3.289 17202.0 
2.099 22861.0 
2.077 23063.0 
2.372 21115.0 
4.382 15656.0 
2.133 22574.0 
3.156 17592.0 
7.858 14875.0 
4.179 15772.0 
1.891 24849.0 
1.857 25203.0 
3.622 16548.0 
1.698 28039.0 
5.377 15115.0 
4.323 15698.0 
2.764 18763.0 
2.828 18517.0 
2.117 22726.0 
7.276 14996.0 
2.926 18178.0 
1.79 26209.0 
1.912 24637.0 
3.622 16548.0 
2.188 22280.0 
2.56 19764.0 
2.225 21932.0 
7.161 15002.0 
4.224 15707.0 
3.287 17207.0 
2.055 23305.0 
6.194 15047.0 
2.828 18517.0 
1.641 29070.0 
2.074 23228.0 
3.12 17648.0 
1.644 28962.0 
12.284 14519.0 
1.644 28962.0 
12.284 14519.0 
6.193 15050.0 
7.112 15001.0 
10.106 14715.0 
7.872 14941.0 
7.133 14984.0 
2.916 18484.0 
4.442 15543.0 
4.194 15749.0 
2.991 18121.0 
3.061 17760.0 
1.686 28097.0 
9.476 14749.0 
12.193 14528.0 
1.782 26228.0 
2.285 21546.0 
1.656 28589.0 
3.791 16314.0 
2.759 18796.0 
1.975 24112.0 
1.924 24464.0 
11.671 14551.0 
3.612 16576.0 
5.355 15210.0 
1.691 27759.0 
8.881 14826.0 
2.646 19350.0 
1.736 26923.0 
1.72 27326.0 
11.135 14582.0 
10.974 14594.0 
9.099 14782.0 
2.317 21289.0 
2.536 20077.0 
2.602 19768.0 
5.073 15221.0 
2.197 22268.0 
9.266 14762.0 
3.572 16692.0 
1.817 25716.0 
3.399 16946.0 
4.659 15446.0 
4.985 15259.0 
5.808 15103.0 
2.463 20355.0 
1.836 25597.0 
3.441 16887.0 
1.845 25262.0 
2.231 21980.0 
1.701 27483.0 
4.032 15919.0 
2.159 22433.0 
2.453 20718.0 
6.096 15078.0 
10.734 14627.0 
10.634 14650.0 
5.487 15111.0 
3.292 17216.0 
10.348 14657.0 
3.276 17223.0 
8.395 14864.0 
3.168 17480.0 
1.865 25073.0 
4.798 15356.0 
3.168 17480.0 
11.408 14581.0 
2.563 19793.0 
7.911 14913.0 
10.322 14659.0 
8.124 14895.0 
1.761 26464.0 
2.108 22832.0 
8.627 14851.0 
2.477 20257.0 
11.422 14572.0 
1.744 26748.0 
8.673 14830.0 
3.884 16151.0 
1.895 24773.0 
2.367 20961.0 
2.231 21980.0 
2.058 23220.0 
2.429 20771.0 
11.665 14553.0 
4.008 15964.0 
3.905 16102.0 
2.05 23275.0 
1.908 24765.0 
5.843 15099.0 
1.648 28852.0 
2.01 23769.0 
8.41 14852.0 
2.688 19196.0 
8.124 14895.0 
9.476 14749.0 
1.752 26570.0 
2.343 21042.0 
6.379 15014.0 
1.637 29156.0 
5.833 15081.0 
5.52 15101.0 
2.963 18051.0 
6.327 15023.0 
1.776 26405.0 
6.084 15038.0 
4.105 15821.0 
3.979 15967.0 
2.063 23171.0 
1.789 26032.0 
1.745 26781.0 
2.538 19934.0 
3.211 17409.0 
2.574 19696.0 
3.685 16406.0 
2.815 18543.0 
2.615 19523.0 
5.188 15192.0 
2.815 18543.0 
5.356 15121.0 
2.162 22485.0 
2.672 19362.0 
3.807 16282.0 
2.352 21005.0 
3.06 17873.0 
2.037 23590.0 
2.282 21609.0 
2.216 21935.0 
2.127 22714.0 
1.728 27011.0 
1.841 25352.0 
4.556 15450.0 
1.813 25762.0 
4.395 15620.0 
2.524 20285.0 
5.071 15201.0 
5.024 15235.0 
2.686 19127.0 
1.882 25111.0 
2.422 20730.0 
3.509 16724.0 
5.46 15115.0 
2.734 19028.0 
1.67 28502.0 
1.94 24379.0 
1.829 25602.0 
1.672 28236.0 
5.961 15080.0 
4.914 15260.0 
1.909 24711.0 
2.367 20909.0 
1.905 24759.0 
2.012 23620.0 
2.775 18733.0 
2.989 17950.0 
4.829 15307.0 
1.968 24066.0 
1.99 23927.0 
3.938 16080.0 
2.303 21323.0 
4.648 15400.0 
3.352 17134.0 
3.565 16613.0 
4.208 15718.0 
1.713 27332.0 
2.755 18835.0 
1.7 27632.0 
4.169 15772.0 
2.091 22997.0 
4.312 15636.0 
1.954 24350.0 
4.278 15672.0 
2.104 22888.0 
2.443 20470.0 
2.303 21323.0 
2.179 22260.0 
1.699 27707.0 
1.686 27963.0 
2.244 21739.0 
1.718 27262.0 
4.466 15520.0 
1.869 25170.0 
3.096 17667.0 
3.283 17277.0 
1.648 28885.0 
3.283 17277.0 
4.734 15340.0 
2.179 22260.0 
5.992 15067.0 
4.612 15406.0 
2.442 20615.0 
4.739 15335.0 
3.826 16219.0 
4.46 15529.0 
5.277 15180.0 
6.059 15045.0 
3.147 17560.0 
3.6 16570.0 
7.564 14919.0 
1.651 28895.0 
5.546 15110.0 
6.5 15080.0 
4.452 15535.0 
4.182 15757.0 
6.95 15037.0 
6.563 15048.0 
1.944 24401.0 
7.268 14944.0 
3.251 17405.0 
7.516 14932.0 
1.731 27050.0 
1.979 24049.0 
2.672 19224.0 
1.808 25950.0 
3.973 15991.0 
2.406 20638.0 
2.913 18223.0 
2.098 22965.0 
2.291 21402.0 
1.794 26222.0 
1.72 27356.0 
2.573 19797.0 
3.304 17243.0 
2.638 19445.0 
2.379 20810.0 
3.756 16304.0 
7.02 15003.0 
3.588 16593.0 
2.352 21053.0 
2.518 20025.0 
1.841 25540.0 
2.605 19612.0 
1.748 26713.0 
7.152 14985.0 
2.84 18503.0 
5.479 15150.0 
1.837 25715.0 
2.147 22513.0 
2.005 23768.0 
3.144 17592.0 
2.477 20377.0 
2.857 18429.0 
2.04 23416.0 
1.692 27841.0 
5.351 15151.0 
3.866 16165.0 
4.587 15440.0 
2.455 20411.0 
5.234 15200.0 
3.737 16407.0 
3.865 16167.0 
1.674 28297.0 
3.343 17074.0 
1.684 28145.0 
2.227 21930.0 
3.514 16773.0 
1.664 28588.0 
1.912 24659.0 
2.238 21848.0 
2.708 18998.0 
2.751 18847.0 
3.657 16476.0 
3.372 17013.0 
4.588 15438.0 
1.888 24924.0 
2.075 23167.0 
4.897 15292.0 
5.106 15207.0 
1.704 27540.0 
4.981 15245.0 
4.105 15871.0 
1.768 26414.0 
1.862 25174.0 
2.061 23236.0 
1.691 27948.0 
1.909 24694.0 
4.798 15346.0 
4.711 15374.0 
7.204 14946.0 
1.668 28503.0 
1.655 28851.0 
1.88 24984.0 
1.855 25250.0 
5.106 15207.0 
1.994 23835.0 
2.263 21640.0 
2.956 18093.0 
3.424 16903.0 
2.129 22732.0 
2.776 18727.0 
2.321 21215.0 
3.633 16529.0 
2.129 22732.0 
2.177 22350.0 
2.263 21640.0 
2.199 22144.0 
3.054 17796.0 
2.776 18727.0 
8.186 14863.0 
1.638 29136.0 
5.634 15108.0 
6.942 15088.0 
7.533 14956.0 
7.179 14980.0 
1.746 26655.0 
2.734 19217.0 
2.227 22017.0 
2.167 22345.0 
2.826 18497.0 
5.547 15127.0 
1.935 24348.0 
1.77 26282.0 
4.506 15471.0 
1.995 23901.0 
7.714 14925.0 
5.326 15142.0 
3.49 16757.0 
7.82 14922.0 
2.385 20804.0 
2.099 22889.0 
2.445 20420.0 
1.978 24099.0 
2.782 18709.0 
3.078 17738.0 
7.017 15082.0 
4.381 15559.0 
4.81 15324.0 
2.619 19452.0 
2.029 23547.0 
1.914 24650.0 
2.417 20587.0 
1.844 25327.0 
5.17 15198.0 
4.054 15879.0 
2.072 23093.0 
7.999 14915.0 
3.777 16253.0 
2.355 21117.0 
1.653 29016.0 
4.634 15427.0 
5.076 15250.0 
2.264 21670.0 
1.716 27437.0 
5.001 15292.0 
3.589 16543.0 
1.664 28726.0 
2.315 21458.0 
7.148 14991.0 
1.719 27149.0 
2.053 23276.0 
3.677 16442.0 
4.334 15635.0 
2.613 19482.0 
2.128 22632.0 
1.785 26052.0 
1.86 25132.0 
1.686 27873.0 
2.252 21812.0 
2.955 18069.0 
3.974 15975.0 
3.72 16346.0 
2.559 19767.0 
4.677 15380.0 
2.495 20178.0 
2.516 20031.0 
1.67 28569.0 
5.277 15187.0 
1.732 26964.0 
1.671 28201.0 
2.362 21081.0 
2.144 22542.0 
8.132 14888.0 
2.738 18969.0 
1.817 25867.0 
3.169 17474.0 
2.902 18265.0 
1.676 28160.0 
2.743 18871.0 
2.544 19840.0 
4.135 15785.0 
2.902 18265.0 
4.783 15349.0 
2.032 23456.0 
8.038 14910.0 
4.229 15689.0 
1.823 25591.0 
1.896 24779.0 
1.877 24962.0 
3.87 16186.0 
1.826 25562.0 
1.703 27573.0 
3.877 16173.0 
4.233 15683.0 
3.439 16860.0 
4.124 15812.0 
3.133 17597.0 
3.597 16528.0 
2.982 18019.0 
1.644 28959.0 
9.406 14778.0 
1.644 28959.0 
6.17 15044.0 
6.631 15021.0 
6.062 15071.0 
9.159 14802.0 
8.714 14822.0 
8.373 14832.0 
2.418 20851.0 
2.135 22578.0 
1.909 24768.0 
3.583 16619.0 
5.703 15093.0 
2.511 20191.0 
1.765 26426.0 
2.814 18748.0 
2.057 23375.0 
1.74 27102.0 
7.267 14946.0 
8.111 14889.0 
4.328 15670.0 
5.129 15245.0 
2.219 22012.0 
2.341 21166.0 
1.708 27877.0 
3.122 17658.0 
4.151 15783.0 
5.53 15101.0 
3.344 17179.0 
2.99 17985.0 
5.233 15140.0 
5.379 15114.0 
2.593 19619.0 
3.485 16804.0 
3.194 17459.0 
8.626 14831.0 
3.047 17823.0 
1.655 28656.0 
2.087 23014.0 
7.629 14901.0 
2.634 19390.0 
1.71 27371.0 
1.745 26733.0 
4.589 15515.0 
4.956 15252.0 
8.226 14861.0 
1.829 25546.0 
1.946 24308.0 
6.711 15004.0 
4.678 15425.0 
7.897 14893.0 
6.977 14997.0 
3.958 16006.0 
2.909 18308.0 
2.917 18180.0 
1.812 25787.0 
4.777 15357.0 
2.001 23727.0 
2.419 20563.0 
2.311 21268.0 
1.795 25976.0 
3.684 16454.0 
2.552 19953.0 
4.444 15541.0 
3.853 16205.0 
2.715 18966.0 
4.871 15310.0 
2.0 23736.0 
1.87 25041.0 
2.241 21761.0 
4.067 15927.0 
2.557 19830.0 
7.448 14944.0 
9.215 14782.0 
7.898 14892.0 
2.675 19212.0 
2.829 18502.0 
3.89 16097.0 
1.977 24107.0 
1.664 28312.0 
2.286 21520.0 
2.181 22266.0 
2.463 20472.0 
1.886 24932.0 
1.753 26577.0 
2.156 22402.0 
4.386 15589.0 
2.066 23190.0 
3.44 16934.0 
3.189 17472.0 
5.697 15097.0 
1.732 27365.0 
1.648 28847.0 
1.858 25302.0 
7.483 14932.0 
1.677 28069.0 
7.115 14973.0 
7.603 14916.0 
4.087 15832.0 
13.07 13172.0 
1.654 28624.0 
6.268 14277.0 
9.721 13882.0 
4.691 14659.0 
12.689 13391.0 
10.724 13494.0 
6.242 14289.0 
3.664 16053.0 
10.179 13687.0 
4.68 15480.0 
3.982 15890.0 
9.754 13855.0 
3.614 16590.0 
12.842 13359.0 
3.272 16995.0 
2.555 19844.0 
1.914 24643.0 
1.872 25032.0 
1.781 26150.0 
1.78 26452.0 
2.604 19533.0 
13.068 13299.0 
3.098 17755.0 
1.747 26838.0 
1.698 27892.0 
10.467 13648.0 
2.479 20227.0 
2.674 19274.0 
2.056 23258.0 
1.89 24883.0 
9.721 13882.0 
1.699 27481.0 
1.815 25686.0 
1.756 26627.0 
1.937 24403.0 
2.346 21033.0 
2.279 21515.0 
3.181 17212.0 
2.364 20915.0 
2.263 21633.0 
4.205 15767.0 
1.826 25545.0 
4.421 15571.0 
1.845 25365.0 
2.709 19019.0 
2.928 18226.0 
3.16 17581.0 
2.794 18792.0 
3.543 16719.0 
1.713 27404.0 
2.855 18595.0 
1.718 27136.0 
2.779 18977.0 
1.739 27097.0 
2.005 23854.0 
10.619 13557.0 
2.0 23927.0 
2.247 21841.0 
2.307 21292.0 
2.327 21267.0 
4.535 15508.0 
2.02 23624.0 
3.177 17474.0 
2.236 21919.0 
2.441 20475.0 
1.678 28169.0 
4.132 15796.0 
2.159 22559.0 
1.803 25950.0 
3.028 17897.0 
2.19 22263.0 
3.47 16814.0 
2.123 22737.0 
4.297 15654.0 
2.089 23010.0 
2.824 18693.0 
2.503 20097.0 
1.667 28421.0 
1.686 27946.0 
2.868 18408.0 
2.181 22361.0 
3.406 16950.0 
2.113 22803.0 
2.089 23010.0 
10.552 13588.0 
3.016 17937.0 
2.028 23575.0 
1.682 28138.0 
2.41 20622.0 
2.967 18091.0 
2.216 22107.0 
2.637 19374.0 
3.181 17212.0 
2.994 18087.0 
1.667 28421.0 
1.845 25365.0 
1.803 25950.0 
1.97 24133.0 
2.54 20000.0 
5.941 15091.0 
1.639 29125.0 
5.941 15091.0 
5.579 15097.0 
5.293 15151.0 
2.668 19212.0 
5.541 15126.0 
2.75 18847.0 
4.639 15482.0 
1.766 26366.0 
2.154 22501.0 
4.375 15605.0 
2.026 23537.0 
3.155 17524.0 
1.992 23809.0 
3.338 17091.0 
3.469 16809.0 
1.664 28486.0 
2.194 22146.0 
4.012 15959.0 
1.797 25889.0 
4.478 15497.0 
1.85 25231.0 
4.143 15833.0 
2.604 19563.0 
2.07 23139.0 
3.669 16425.0 
2.897 18377.0 
2.629 19417.0 
1.745 26757.0 
1.693 27990.0 
3.869 16132.0 
4.776 15322.0 
1.657 28720.0 
3.568 16639.0 
2.509 20067.0 
2.398 20670.0 
2.992 17973.0 
1.943 24377.0 
4.711 15390.0 
1.814 25656.0 
3.772 16272.0 
3.264 17252.0 
3.772 16272.0 
2.281 21527.0 
1.706 27391.0 
2.243 21842.0 
2.305 21299.0 
1.649 28943.0 
2.267 21639.0 
2.475 20293.0 
2.342 21107.0 
1.969 24016.0 
3.203 17399.0 
4.412 15549.0 
5.19 15179.0 
4.252 15710.0 
2.931 18170.0 
4.965 15251.0 
2.551 19902.0 
4.89 15305.0 
1.698 27705.0 
2.094 22921.0 
1.74 26806.0 
4.204 15735.0 
2.366 20920.0 
1.674 28165.0 
2.795 18739.0 
2.828 18488.0 
1.731 27090.0 
5.091 15205.0 
2.799 18639.0 
2.393 20899.0 
3.055 17787.0 
2.226 21957.0 
1.814 25656.0 
5.057 15214.0 
1.701 27633.0 
3.389 17005.0 
2.844 18418.0 
3.007 17932.0 
1.719 27231.0 
3.934 16038.0 
1.784 26123.0 
2.429 20526.0 
2.337 21262.0 
2.931 18170.0 
3.569 16634.0 
3.882 16110.0 
2.046 23310.0 
4.067 15887.0 
1.852 25224.0 
2.462 20352.0 
2.534 19987.0 
4.076 15864.0 
1.78 26159.0 
1.893 24933.0 
3.045 17812.0 
3.055 17787.0 
2.21 22085.0 
1.644 29109.0 
12.132 13254.0 
1.644 29109.0 
5.558 14122.0 
9.603 13899.0 
10.036 13701.0 
3.116 16980.0 
10.891 13397.0 
10.729 13686.0 
11.501 13388.0 
3.087 17775.0 
4.201 15119.0 
9.629 13884.0 
2.193 22188.0 
3.821 15288.0 
3.294 16402.0 
2.195 21571.0 
3.618 15949.0 
4.252 14716.0 
4.472 14707.0 
5.19 14145.0 
1.861 25164.0 
11.895 13316.0 
2.315 21235.0 
3.393 16155.0 
4.992 14351.0 
2.903 18315.0 
1.652 28941.0 
4.8 14514.0 
3.803 15320.0 
2.281 21519.0 
2.444 20138.0 
3.702 15666.0 
5.108 14191.0 
2.8 18616.0 
4.243 15046.0 
2.782 18834.0 
1.829 25504.0 
1.697 27748.0 
5.485 14140.0 
1.883 24970.0 
2.845 18432.0 
4.917 14457.0 
2.348 21049.0 
2.093 22932.0 
2.145 22529.0 
1.937 24344.0 
3.02 17863.0 
1.818 25755.0 
12.059 13276.0 
2.016 23788.0 
2.411 20762.0 
2.17 22312.0 
3.7 15673.0 
1.991 23934.0 
4.575 14544.0 
2.964 18066.0 
2.441 20471.0 
3.555 16140.0 
3.287 16750.0 
1.662 28591.0 
1.898 24761.0 
1.706 27511.0 
2.589 19709.0 
4.607 14519.0 
2.061 23207.0 
11.532 13372.0 
2.124 22680.0 
3.228 16820.0 
10.762 13482.0 
1.686 27945.0 
1.677 28274.0 
1.717 27209.0 
2.735 18990.0 
1.777 26261.0 
1.797 25986.0 
1.672 28361.0 
1.712 27394.0 
1.908 24630.0 
11.711 13342.0 
2.535 19900.0 
1.762 26494.0 
2.111 22841.0 
2.671 18997.0 
11.711 13342.0 
2.046 23338.0 
2.428 20526.0 
2.974 18036.0 
1.738 26916.0 
2.669 19188.0 
10.792 13431.0 
2.66 19271.0 
1.964 24107.0 
2.62 19552.0 
2.571 19852.0 
1.755 26770.0 
1.825 25574.0 
2.021 23560.0 
1.799 25964.0 
3.498 16150.0 
1.637 29122.0 
8.834 14791.0 
1.637 29122.0 
6.39 15049.0 
7.448 15047.0 
8.442 14828.0 
1.974 23993.0 
2.875 18346.0 
6.357 15056.0 
6.044 15095.0 
6.018 15101.0 
2.24 21794.0 
2.17 22272.0 
5.693 15103.0 
8.17 14900.0 
5.491 15108.0 
3.27 17263.0 
4.036 15923.0 
2.023 23653.0 
2.119 22727.0 
1.817 25679.0 
2.363 20892.0 
1.668 28347.0 
1.936 24414.0 
4.959 15239.0 
1.776 26417.0 
1.685 27851.0 
2.161 22337.0 
3.11 17625.0 
7.699 14943.0 
2.6 19609.0 
3.042 17906.0 
1.678 28184.0 
2.684 19125.0 
7.913 14912.0 
3.538 16707.0 
1.742 26858.0 
4.908 15261.0 
8.231 14868.0 
2.571 19773.0 
5.175 15202.0 
1.708 27480.0 
1.78 26106.0 
1.892 24793.0 
1.922 24487.0 
2.73 18881.0 
2.053 23305.0 
2.302 21437.0 
2.525 19940.0 
8.395 14855.0 
2.445 20384.0 
2.636 19365.0 
4.251 15716.0 
2.798 18587.0 
3.32 17238.0 
2.767 18825.0 
3.733 16303.0 
2.077 23073.0 
7.65 14982.0 
3.44 16851.0 
5.178 15199.0 
1.696 27638.0 
3.688 16430.0 
4.628 15404.0 
4.161 15847.0 
1.648 29015.0 
3.374 17035.0 
7.899 14924.0 
2.041 23464.0 
5.675 15106.0 
2.51 20216.0 
1.651 28739.0 
4.762 15342.0 
2.28 21572.0 
2.821 18493.0 
3.597 16576.0 
2.32 21178.0 
2.396 20714.0 
4.322 15625.0 
5.344 15121.0 
3.931 16055.0 
3.145 17557.0 
4.383 15602.0 
7.51 14990.0 
2.966 18044.0 
4.628 15404.0 
1.728 27100.0 
4.475 15566.0 
5.344 15121.0 
4.475 15566.0 
1.796 25972.0 
1.719 27209.0 
2.652 19254.0 
4.755 15354.0 
3.924 16064.0 
3.83 16177.0 
3.826 16189.0 
3.145 17557.0 
4.175 15785.0 
1.651 28739.0 
12.17 13123.0 
1.637 29163.0 
9.88 13831.0 
5.833 14019.0 
10.733 13391.0 
5.673 14179.0 
10.543 13497.0 
4.845 14186.0 
3.646 15633.0 
4.359 15626.0 
4.573 14679.0 
4.546 15488.0 
3.066 17340.0 
2.89 17768.0 
2.826 17821.0 
2.748 18847.0 
3.227 17324.0 
2.217 21968.0 
2.789 18318.0 
2.782 18346.0 
3.466 16243.0 
3.504 15922.0 
3.395 16299.0 
1.96 24164.0 
3.377 16611.0 
1.674 28424.0 
2.245 21749.0 
3.239 16988.0 
1.979 23950.0 
3.331 16691.0 
2.674 19270.0 
1.79 26195.0 
3.319 16987.0 
1.706 27604.0 
1.741 26795.0 
1.753 26561.0 
5.79 14110.0 
2.609 19507.0 
1.814 25733.0 
1.677 28106.0 
3.54 15842.0 
2.023 23787.0 
3.605 15697.0 
1.709 27372.0 
2.34 21140.0 
2.269 21561.0 
4.451 15538.0 
2.067 23146.0 
1.681 28055.0 
4.61 14446.0 
2.395 20772.0 
1.724 27101.0 
1.87 25121.0 
4.71 14292.0 
2.141 22562.0 
2.09 22998.0 
1.656 28670.0 
4.715 14285.0 
10.61 13477.0 
2.313 21313.0 
2.505 20073.0 
2.376 20896.0 
1.692 27777.0 
2.352 21011.0 
2.525 19972.0 
2.714 18992.0 
2.116 22906.0 
1.718 27253.0 
1.957 24415.0 
4.596 14464.0 
2.176 22239.0 
2.042 23668.0 
2.043 23531.0 
1.644 28930.0 
1.833 25483.0 
1.823 25599.0 
2.061 23308.0 
1.863 25294.0 
1.893 24834.0 
1.767 26359.0 
2.42 20629.0 
1.794 25958.0 
2.056 23407.0 
2.572 19689.0 
1.8 25949.0 
1.64 29132.0 
2.164 22411.0 
1.843 25350.0 
2.176 22239.0 
2.686 19116.0 
4.382 15595.0 
1.764 26421.0 
2.296 21468.0 
1.655 28873.0 
2.126 22723.0 
4.845 14186.0 
2.48 20210.0 
2.123 22753.0 
2.733 18890.0 
1.692 27777.0 
1.637 29155.0 
10.14 14778.0 
1.637 29155.0 
7.609 15096.0 
5.743 15097.0 
2.238 21787.0 
8.948 14813.0 
10.066 14787.0 
9.416 14790.0 
2.167 22355.0 
2.33 21216.0 
1.689 28020.0 
8.547 14819.0 
9.361 14805.0 
2.136 22553.0 
2.531 20049.0 
1.719 27203.0 
2.086 22993.0 
3.285 17249.0 
1.697 27563.0 
3.385 17019.0 
1.849 25340.0 
1.668 28364.0 
3.702 16403.0 
5.496 15110.0 
1.747 26732.0 
2.567 19722.0 
4.241 15736.0 
3.039 17855.0 
1.908 24770.0 
1.816 25775.0 
4.368 15611.0 
1.765 26386.0 
1.94 24424.0 
2.071 23119.0 
4.916 15296.0 
3.825 16231.0 
1.872 25022.0 
1.836 25576.0 
2.861 18566.0 
2.468 20298.0 
2.956 18099.0 
3.993 15977.0 
3.13 17675.0 
7.671 15041.0 
4.454 15542.0 
8.001 14932.0 
5.363 15129.0 
2.374 20860.0 
5.709 15105.0 
2.351 21114.0 
2.597 19571.0 
1.983 24019.0 
8.313 14865.0 
4.126 15838.0 
7.837 15029.0 
2.398 20758.0 
4.748 15339.0 
8.181 14920.0 
2.034 23432.0 
1.709 27402.0 
4.596 15445.0 
2.422 20535.0 
3.852 16152.0 
2.985 18010.0 
2.722 18932.0 
1.753 26655.0 
4.729 15379.0 
1.794 26180.0 
2.001 23748.0 
5.039 15203.0 
2.887 18317.0 
4.551 15472.0 
2.765 18860.0 
2.643 19333.0 
3.52 16819.0 
2.641 19424.0 
1.799 26082.0 
1.655 28650.0 
1.889 24908.0 
2.006 23697.0 
2.705 19141.0 
1.658 28581.0 
3.938 16032.0 
4.986 15233.0 
3.638 16524.0 
5.169 15190.0 
2.685 19178.0 
4.156 15837.0 
1.641 29127.0 
2.886 18323.0 
2.028 23484.0 
3.624 16571.0 
3.222 17408.0 
8.443 14862.0 
1.971 24118.0 
8.22 14904.0 
3.553 16667.0 
3.196 17538.0 
1.647 28877.0 
