36.593608165205296 12001.799766036798 56.8842942962965 5756.393452869745 0.07435348741371706 0.004907142136689518 0.9728068066967196 
19940.981714658938 19940.602636498777 19978.480009422674 5707.464865067674 0.0035773433658072974 2.427158498010454E-4 0.991363335899351 
36.593608165205296 12001.799766036798 56.8842942962965 5756.393452869745 0.07435348741371706 0.004907142136689518 0.9728068066967196 
35.90544276950598 12906.94670478652 48.28906865581563 5749.079712385164 0.07523878152518557 0.002913722506776137 0.9757484512586758 
15.062174466415641 12782.201592434069 75.17058390953828 5749.141539652685 0.01376024750274002 0.004826691968466585 0.7613258666438252 
464.57334834054643 19989.023952019543 7228.415578007869 5749.266043044293 5.673176679561426E-4 4.1551100873624927E-4 0.9001734135120901 
35.51785362597114 12905.175288919487 56.744566842975374 5749.410791088977 0.06907069474615796 0.004823878868998367 0.9968959288102824 
286.63100049857445 19893.595076608053 6398.476031835857 5754.4964985458455 0.004043058475644067 2.3628413653939808E-4 0.7777939507172801 
1230.9659565585557 14079.990892736147 76.53781093179961 5754.374280526743 0.004151648448764785 9.477815157271055E-5 0.7042243887472475 
19949.935380232993 19887.862661544114 13499.536667190643 5707.20038904595 0.0031874463211607603 0.0020348044918164325 0.8274078393838828 
13572.317407691331 19711.353013367785 8049.445248940219 5706.8555498991045 3.0937402801426176E-4 5.045920475748881E-4 0.9781550640037482 
410.75805407043174 15322.89473116433 73.47398135265473 5753.532842976098 1.831386239237383E-4 0.0028891374271502713 0.9578800907770176 
13356.738763789539 19888.09446711219 10629.764037526418 5723.081861402064 9.097040356692476E-4 3.991310272779333E-4 0.9411446954609123 
42.15863902358595 19967.99177312407 2345.863604664706 5749.071952929804 8.838427292960957E-4 0.002146616021745309 0.9930060413695476 
14100.511037440963 19994.990377487433 10743.42296857611 5707.06177231593 0.0032578178661114426 3.543557105807566E-4 0.9931818652381148 
61.68738474224665 19993.972136276774 800.879301856422 5748.9326213533695 1.7561870962828351E-4 0.0030205282417191236 0.9858256921796728 
45.25293357619637 19581.059834001673 296.7733458629134 5748.9326213533695 2.1836628496455911E-4 0.00287433392653705 0.9968785939673732 
19999.33668709469 19865.62321217832 18551.999497626497 5695.222250175749 3.949899639900357E-4 0.0029145258631854184 0.9523276566243349 
11130.483631836833 19915.165776706075 8416.532041634977 5745.289976225805 7.044052804220215E-4 0.0014824981568518632 0.9857452387033888 
225.8563409700712 16755.4889338579 248.57427231058227 5761.984454008918 6.248069777946639E-4 0.0015597691121836676 0.9523376811481655 
19865.585294535973 19968.5756480951 12281.1239984151 5715.905823659055 4.0291158659667867E-4 0.0013961426546228528 0.9529500923708941 
40.40453659447922 15107.027756781008 48.799792886678944 5743.362840710467 0.003250437701258367 7.290634301207813E-5 0.976045059101567 
19680.57075261524 19995.29871259648 10743.42296857611 5707.06177231593 0.003216568866398618 1.951885366683565E-4 0.9933999126544963 
703.9321987879084 16137.070184509968 48.42056968440761 5756.868782770068 0.002309286389107202 0.0020908677855544437 0.9946448664411597 
787.2101064931545 19967.99177312407 8020.8017913397525 5749.069997943806 8.667347435125275E-4 0.002146616021745309 0.999684158182216 
13442.718781333602 19955.629077146375 9446.012379245194 5743.674561308277 0.0018493884083940581 0.004852562400905415 0.9970158371497333 
45.15351884728241 18659.423239206433 2.68450976866648 5748.9326213533695 1.6833409303557405E-4 0.00287433392653705 0.9836600849721564 
41.57524624520769 19080.51868957802 6124.920056383094 5749.412203980824 8.847401254270945E-4 2.545838152934605E-4 0.9992454679344278 
151.82275018826567 19940.104477170724 8105.5215872122135 5714.895027013992 9.07239737066883E-4 0.0011795975334034459 0.9814604305201537 
19651.556451445067 19988.24866335338 14453.660592477638 5745.283124731461 0.0014686101981043684 3.503882467455145E-5 0.9328973544128559 
19261.95748247738 19913.500566513783 17699.09256920593 5753.422273121119 1.5836044414704853E-4 8.31804158815286E-4 0.9477927247399147 
183.79224692713933 17438.595249962946 222.9319667117652 5754.5882300111525 0.0035720433823926497 0.0013626835916542748 0.9901795147580363 
23.77984437434509 14235.245509686369 40.16692999500305 5749.391089721231 0.007334357854465578 0.004901382663161188 0.9993761867933982 
19496.130941027004 19970.157676901246 19268.313803782767 5707.075092005851 4.3898428104229286E-4 4.03045736519921E-4 0.975844250300004 
381.0865535276225 19070.871961384895 41.92692752869834 5752.863933572712 1.8190458068078244E-4 0.002624504120553429 0.9822819024612699 
2688.3202737985857 19992.959206570627 8168.464453555718 5749.196350365867 8.390110084079301E-4 0.002093854784393982 0.9994721528745124 
5621.194670851505 19966.460424121626 8040.758289449923 5706.601650755448 0.004517684795046407 2.5262103094318017E-4 0.8439102801412479 
15.9847142205194 19711.760727118544 4202.168036712197 5716.031347629568 0.0018987462396551137 0.005012291615420881 0.9761208576751038 
19784.704843886997 19895.926772938114 8614.89056879206 5716.389860813551 3.918203532687274E-4 0.0014123073302793753 0.9059687982626148 
497.006121602553 14174.216226915449 0.9959696423647983 5752.82963565261 4.7306271557941994E-4 0.0034974294108708337 0.9404742501369026 
19865.585294535973 19970.157676901246 11714.008871277963 5707.075092005851 3.626009600320067E-4 4.193298993070676E-4 0.9544931258225404 
199.69641931529594 18003.071222324947 85.11886035544337 5748.9326213533695 3.4664288200180957E-4 8.124474563469663E-4 0.9858256921796728 
23.732734889593473 19905.743324665455 1526.9072458489509 5743.691609689551 0.002921827927097373 0.002185869781723403 0.9594982197770376 
199.69641931529594 18003.071222324947 85.11886035544337 5748.9326213533695 2.2902858021977765E-4 8.124474563469663E-4 0.9858256921796728 
10627.019493256026 19836.67165432416 7236.17804212593 5714.399638370374 3.9190812172385203E-4 0.001142978054300171 0.9877922406114408 
19941.39494589863 19993.951173898917 15840.528998011472 5707.075092005851 7.811926998970813E-4 4.0561353928638533E-4 0.9016735534174214 
9848.367307176659 19607.43329112512 8811.751598342673 5745.442767479829 6.994730677703082E-4 0.002965615296324521 0.967517502384063 
7218.63319067701 19940.80738268126 8724.58308892546 5706.399850263322 0.004509876728324947 2.1585700946183048E-4 0.9998078495739154 
19739.31195007379 19919.45361129049 19701.03942544966 5706.8555498991045 5.926718511820158E-4 1.2633344612272032E-4 0.8474197218938944 
11081.0429768549 19836.67165432416 7236.17804212593 5714.399638370374 3.9190812172385203E-4 0.001142978054300171 0.9877922406114408 
2910.535100312938 19918.42179875597 8727.410422549208 5743.61764644881 0.004510253583804028 0.003069420894120811 0.8520800740393335 
4949.446789184636 19918.42653298653 9667.469376641986 5706.8555498991045 0.004509876728324947 9.371228465928846E-5 0.8473441884647546 
14930.830308250886 19994.990377487433 10743.42296857611 5707.06177231593 0.0032578178661114426 3.543557105807566E-4 0.9931818652381148 
23.732734889593473 19905.743324665455 2028.7175402984094 5743.691609689551 0.0013823805970341876 0.002185869781723403 0.9594982197770376 
40.40453659447922 15327.34882383503 74.5847168020806 5743.594127381469 0.003250437701258367 7.290634301207813E-5 0.9982771186673218 
36.286124996379385 13024.252450137505 56.744566842975374 5749.410791088977 0.006070703635470277 0.002138240090641873 0.9968959288102824 
496.29916348996767 15803.27185111005 5.790069178155479 5752.490666709083 4.002812298834832E-5 0.0035178945587786966 0.9209987901017719 
419.72895097786056 19894.716201187828 4277.625832605596 5749.623235474394 0.0018830544163118933 0.004827499725717716 0.9833908629019619 
59.819219652044055 13566.461885340797 19.18880234865697 5747.5698126303 0.004465802229413042 0.0028131569261408197 0.9823797362922205 
71.53632697874673 19994.738315512295 9394.454928670986 5715.135407943358 8.473716933091371E-4 3.203646714117883E-4 0.9194219788111283 
497.006121602553 13620.704938687248 5.797269363477767 5752.82963565261 5.23353384137153E-4 0.0035178945587786966 0.9376584858297786 
19976.72158508763 19904.076149365897 16596.884060721262 5756.476486145908 7.79298682656822E-4 1.4162955641348679E-5 0.9881936496380517 
13609.922070786299 19893.032749891277 8902.20793236995 5706.702923991905 0.0018799487139401518 3.8192220425190324E-4 0.9854103870270853 
19844.820790055604 19988.24866335338 14453.660592477638 5745.283124731461 0.0014686101981043684 1.560900915478238E-6 0.9328973544128559 
139.4748457617352 16137.070184509968 2.869890121766403 5756.868476577268 8.827055189889355E-5 0.002251141984073093 0.9946448664411597 
4949.446789184636 19918.42653298653 9185.784866604432 5706.8555498991045 0.004509876728324947 7.621875177534973E-5 0.847079041519894 
19999.583174671727 19939.06010275922 17693.58173267808 5707.04785108846 0.0035773433658072974 8.435264796343586E-4 0.9837134170639631 
45.98952652407024 19988.017302977296 6126.560796601736 5749.003282775722 0.00387099203212218 0.02584322064534871 0.9827402183143323 
477.6975550858806 19968.868468326702 5191.0594706478005 5710.306335888611 0.001951034699641484 9.392549078586066E-4 0.9740929086863787 
19328.615120697094 19955.328563004627 15493.652706468012 5743.446288140075 0.0041689575753141245 0.002759299804593497 0.7874138927970225 
49.00727463749341 13281.614921387863 75.17058390953828 5749.407466481308 0.01376024750274002 0.004826691968466585 0.9968959288102824 
419.72895097786056 19894.716201187828 5706.424295747025 5749.623235474394 0.00387099203212218 0.004827499725717716 0.9833908629019619 
4949.446789184636 19955.074743099765 9077.734715159426 5706.8555498991045 8.658569541731859E-4 0.033974681131779434 0.8500312853977973 
14.966880258140648 19613.631184636615 3679.453458845544 5743.674957405502 3.4707127673747724E-4 1.9335749590626214E-4 0.9830066395162809 
12358.954577869801 19836.67165432416 7236.17804212593 5714.520074995757 4.276268327494672E-4 0.001156765154075208 0.9877481106098674 
19865.585294535973 19970.157676901246 11714.008871277963 5707.075092005851 3.626009600320067E-4 4.193298993070676E-4 0.9544931258225404 
49.05571657289124 13377.463224495332 70.26893742398538 5748.9470279167945 0.01376024750274002 0.004826691968466585 0.9968959288102824 
19976.72158508763 19904.076149365897 16425.80636826701 5756.476486145908 7.79298682656822E-4 1.4162955641348679E-5 0.9640129565249476 
448.90369190835236 19905.743324665455 312.8506112390114 5743.3645175378815 0.0013823805970341876 0.002185869781723403 0.9594982197770376 
160.7365359061501 19970.96836892706 5191.0594706478005 5712.144746061061 0.001951034699641484 9.310340981917818E-4 0.9749439312272702 
71.53632697874673 19700.26433478141 4055.7183522158452 5715.139924621298 8.473716933091371E-4 0.005037991051521208 0.9194219788111283 
19865.585294535973 19955.396894381498 15499.984114592757 5743.789736449388 4.3898428104229286E-4 4.0686582029164544E-4 0.9544931258225404 
38.47508485679293 17231.701162268466 171.14834524526032 5761.9129607441 4.559024697430165E-4 0.0015509553040547594 0.9956345971131835 
19841.745837938823 19884.80319940934 12971.335695610476 5715.1594180611055 3.074609902531335E-4 4.995438138445545E-4 0.8295630875022588 
4838.929282263017 19925.93469299993 8146.856546764303 5745.211366284375 0.0035773433658072974 0.002860394475490245 0.9746212735687233 
7164.158908689944 19940.80738268126 8723.732041224579 5705.065681848826 0.01724118530607601 2.1585700946183048E-4 0.9868215929998785 
419.72895097786056 19894.716201187828 4277.625832605596 5749.623235474394 0.0018830544163118933 0.004827499725717716 0.9833908629019619 
368.7068308903955 19070.871961384895 36.13844657259487 5752.863933572712 1.8190458068078244E-4 0.004892510298281962 0.9816787518207912 
183.79224692713933 17438.595249962946 136.68804991268598 5754.5882300111525 0.0022854741037606524 0.0013626835916542748 0.9558993502830526 
14800.0659847176 19956.082651993456 9070.864714196327 5706.8555498991045 7.696765765110851E-4 2.556070053567859E-4 0.9634421299388938 
222.1328848278824 16755.4889338579 66.96123818239634 5749.2020616220125 0.013824648663649634 0.004855245520528021 0.9523376811481655 
19838.90626695027 19968.5756480951 10648.882702550753 5715.905823659055 8.124153559966869E-5 0.0013961426546228528 0.9411406096203352 
4833.327484801634 19663.863020563695 8040.758289449923 5706.8555498991045 5.935654604492406E-4 1.1107352782978763E-4 0.8451287741920863 
444.9771333063636 19994.738315512295 9394.454928670986 5714.6252018514915 9.192504465824072E-4 3.184084491375059E-4 0.9194219788111283 
40.71977506879992 16667.375245531544 68.33066987779941 5761.79388718388 4.594863851450871E-4 0.00287433392653705 0.9968785939673732 
19975.51208415956 19888.204329224536 12971.335695610476 5715.1594180611055 9.1148434968137E-4 4.592375590626392E-5 0.8295630875022588 
19949.47247161719 19895.969093685388 9965.131774340103 5707.074828707959 0.006204142659158119 1.802613750214626E-5 0.9529577523546575 
3.7348667435346385 19613.631184636615 3773.287048224866 5743.674957405502 3.4707127673747724E-4 0.0013181662583331942 0.9830066395162809 
14.966880258140648 19613.631184636615 3679.453458845544 5743.674957405502 3.4707127673747724E-4 0.0013181662583331942 0.9830066395162809 
12527.527804329698 19978.91565923018 7236.17804212593 5748.9031276498745 3.9190812172385203E-4 0.004894844042249019 0.9880434703637243 
