7.564 14919.0 
1.651 28895.0 
5.546 15110.0 
6.5 15080.0 
4.452 15535.0 
4.182 15757.0 
6.95 15037.0 
6.563 15048.0 
1.944 24401.0 
7.268 14944.0 
3.251 17405.0 
7.516 14932.0 
1.731 27050.0 
1.979 24049.0 
2.672 19224.0 
1.808 25950.0 
3.973 15991.0 
2.406 20638.0 
2.913 18223.0 
2.098 22965.0 
2.291 21402.0 
1.794 26222.0 
1.72 27356.0 
2.573 19797.0 
3.304 17243.0 
2.638 19445.0 
2.379 20810.0 
3.756 16304.0 
7.02 15003.0 
3.588 16593.0 
2.352 21053.0 
2.518 20025.0 
1.841 25540.0 
2.605 19612.0 
1.748 26713.0 
7.152 14985.0 
2.84 18503.0 
5.479 15150.0 
1.837 25715.0 
2.147 22513.0 
2.005 23768.0 
3.144 17592.0 
2.477 20377.0 
2.857 18429.0 
2.04 23416.0 
1.692 27841.0 
5.351 15151.0 
3.866 16165.0 
4.587 15440.0 
2.455 20411.0 
5.234 15200.0 
3.737 16407.0 
3.865 16167.0 
1.674 28297.0 
3.343 17074.0 
1.684 28145.0 
2.227 21930.0 
3.514 16773.0 
1.664 28588.0 
1.912 24659.0 
2.238 21848.0 
2.708 18998.0 
2.751 18847.0 
3.657 16476.0 
3.372 17013.0 
4.588 15438.0 
1.888 24924.0 
2.075 23167.0 
4.897 15292.0 
5.106 15207.0 
1.704 27540.0 
4.981 15245.0 
4.105 15871.0 
1.768 26414.0 
1.862 25174.0 
2.061 23236.0 
1.691 27948.0 
1.909 24694.0 
4.798 15346.0 
4.711 15374.0 
7.204 14946.0 
1.668 28503.0 
1.655 28851.0 
1.88 24984.0 
1.855 25250.0 
5.106 15207.0 
1.994 23835.0 
2.263 21640.0 
2.956 18093.0 
3.424 16903.0 
2.129 22732.0 
2.776 18727.0 
2.321 21215.0 
3.633 16529.0 
2.129 22732.0 
2.177 22350.0 
2.263 21640.0 
2.199 22144.0 
3.054 17796.0 
2.776 18727.0 
