19973.55240935791 19967.076315632166 19879.82954393527 5714.47525262515 7.130365306537848E-4 0.00851151263045416 0.9045904354733011 
26.93448159204486 12183.034350309434 8.390075147816123 5762.890806704384 0.006610036873739816 0.0026345793107411587 0.00427764370211392 
19973.55240935791 19967.076315632166 19879.82954393527 5714.47525262515 7.130365306537848E-4 0.00851151263045416 0.9045904354733011 
276.8982568399171 12141.950418651266 128.14216747408824 5895.997716637754 6.515336680059069E-5 4.094170019302305E-4 0.004368967840436623 
214.1993430402958 15022.491370167469 130.6255061254284 5754.902574340187 0.005190379660072936 0.0016863831070701879 0.00427764370211392 
113.77625711071579 14383.384361875465 130.6255061254284 5754.902574340187 0.005190379660072936 3.019797378213762E-4 0.0042776394127484905 
1320.5794014912913 19916.63988582021 2030.7965669101297 5761.37840746113 6.536842314089606E-5 6.676943655307453E-5 0.004223890521624734 
216.06902718444258 13150.679895908443 130.6255061254284 5754.902574340187 0.005190379660072936 0.0017186074150898653 0.00427764370211392 
980.8479528433924 13402.43913439859 192.62244525945835 5762.9024432377 0.006704660621100658 0.0028553230391677414 0.00427764370211392 
24.56803947300756 12864.837566086853 74.21735091145422 5762.900864519756 0.006686834685302737 0.002644927638203373 0.00427764370211392 
212.52681999447424 19104.04850921615 4021.397053124493 5795.65826531414 3.4412223286944365E-4 0.001598787864022704 0.9777240516473116 
115.22615192216782 15668.750509399228 1277.0190084441988 5870.085559560466 2.0854598828225785E-4 2.878768889212197E-4 0.004277816015876073 
159.53092361265368 15022.491370167469 102.02494861094652 5763.27497589952 0.005190379660072936 4.6359216278251715E-4 0.004278366173863903 
11730.438471727743 19699.903527001123 8412.910030612044 5735.912374857378 5.962789152666025E-5 2.9487974623783504E-4 0.9833187147886507 
166.09175099481087 17546.60280139437 266.690453624762 5736.680927763678 1.9657022086498746E-5 6.840820615578694E-5 0.004224464491084918 
171.03152549438187 19978.14157526523 989.21015802225 5736.887329657247 5.50558392228227E-5 4.821671583743971E-5 0.004334824993886328 
11733.390679470076 19925.670782871908 7818.131639214082 5736.681176896239 5.9452293038171744E-5 7.404112128274709E-5 0.004224464491084918 
245.84164239435796 17741.90909116626 1980.04737402015 5762.8958454471895 1.6525926967015934E-4 2.970349172840142E-4 0.004278277367309513 
171.93982631345716 15677.111859362543 266.690453624762 5737.021103172317 1.5249717815649533E-5 6.840820615578694E-5 0.004107004117306217 
1198.194592589888 14953.410389830331 8.215812367782704 5762.923585586985 1.5315480431648187E-4 2.507983883520071E-4 0.004073800590779028 
126.50316236155206 13138.336895376442 11.499931080736346 5763.314251180831 1.2001906522930082E-5 2.807630153128755E-4 0.004278302047999376 
18461.610173959853 19998.67052694225 11310.471224551484 5736.762122184162 1.517921965609975E-4 8.440249587621713E-4 0.8867236301455068 
214.4383571845898 12332.71546241989 74.21735091145422 5762.900864519756 0.006686834685302737 0.002644927638203373 0.00427764370211392 
6514.471777834552 19979.359185808993 8938.375459212391 5715.768347415457 5.995198380437103E-4 2.4546587617253805E-4 0.8038194216881999 
99.2841033200049 19941.904746887176 266.690453624762 5736.680927763678 2.259206052691507E-5 6.840820615578694E-5 0.004182571424164767 
276.8982568399171 13281.192229156044 685.94945052332 5763.314251180831 3.842389349091219E-5 4.0583649132740126E-4 0.00427764370211392 
1590.912953720275 17756.637745426422 8117.258587293265 5762.738047358784 1.5525073688315606E-6 2.4396979249912808E-4 0.0029559940768541463 
19575.568275163518 19963.337002784225 19691.030682328408 5746.7950687537805 7.332020546911623E-4 5.446318566328713E-4 0.6831223863845404 
171.41234015144073 13694.819344796088 1050.2570832581487 5762.900114930733 9.440109412346753E-5 4.891729365500812E-4 0.004366937851744053 
171.93982631345716 17635.738134426894 266.690453624762 5737.021103172317 1.5249717815649533E-5 6.840820615578694E-5 0.004107004117306217 
7335.658286786091 19784.19482275515 9406.346684698889 5712.687151713182 0.002946241035769095 8.672804441554595E-4 0.8994962254482647 
126.95838493656083 19957.526530085062 11450.944865746977 5736.862086388256 9.164901022763652E-6 4.821671583743971E-5 0.004334824993886328 
2295.291340541749 17546.60280139437 6.166746076898676 5763.01130880287 1.9657022086498746E-5 6.840820615578694E-5 0.004228880583949273 
276.8982568399171 13303.0187393866 12.317874449177111 5763.314251180831 3.443329813377437E-5 2.9484492896526875E-4 0.00427764370211392 
548.4132351758672 19975.711137827904 5479.480669041844 5733.833300040659 1.3051665882230716E-4 0.0011325027458423964 0.9208109095010483 
115.51394497269055 15668.750509399228 1009.6954360492844 5870.085559560466 2.0854598828225785E-4 2.878768889212197E-4 0.004277816015876073 
3866.1684391029494 17741.90909116626 8132.573682249324 5762.900991548351 7.511372362445324E-5 4.11606990248976E-4 0.004370697738364534 
19350.001294356152 19974.18756281636 11650.441777042328 5715.858500764268 8.790285625234055E-4 0.0049396360282231815 0.852438088969748 
19610.72757237841 19957.54376148422 16884.641887258018 5736.158249621503 7.618612081291207E-4 5.359003671992013E-4 0.9618746779759701 
276.8982568399171 12317.036717942812 128.14216747408824 5898.220393206463 6.515336680059069E-5 4.094170019302305E-4 0.004368967840436623 
19885.116214782327 19971.99506078686 9967.943895786379 5715.915021535311 4.0864482490394474E-5 0.008466298540590984 0.8934145201041485 
74.48984434294812 19973.793381269443 5241.704382346931 5739.5635663495395 0.0028858373445571975 1.4477393644812646E-5 0.9896693763803229 
246.86626570936173 13290.752728687217 1104.63094071311 5762.906786979895 5.3135225402388295E-6 2.9248847302964425E-4 0.0043091744180921735 
4904.918169021864 19979.359185808993 9460.41949943013 5715.767183877651 0.0014522497176732915 0.0011438391738705202 0.8546012377771943 
12550.431706675441 19978.00318484096 9460.41949943013 5746.677101247711 1.4015674099243603E-4 5.461898760950662E-4 0.6992074210116437 
12685.669325197974 19983.422047973614 8323.38491108317 5740.858962444314 7.73893973257852E-5 0.0011404126105087047 0.959352513966676 
18021.97156144177 19974.03865881208 9591.170637883957 5716.276808225823 0.0023657748435811027 0.0035182821108560706 0.8901007902021851 
164.40496106268284 17604.936418765967 7957.937530899433 5736.66710883708 2.096745151938792E-4 5.305720467130016E-5 0.004111034408931835 
18278.972412244828 19963.07139424502 12914.087507601682 5753.273118856733 7.336654443814547E-4 0.0035654287378548174 0.9053215879979076 
216.78602467599018 12183.034350309434 8.390075147816123 5762.890806704384 0.006610036873739816 0.0026345793107411587 0.00427764370211392 
19396.17194524881 19979.359185808993 7235.29777483802 5715.767183877651 7.128737655072251E-4 0.001150604995375233 0.8887616293110772 
4478.341642050997 19550.53444631413 9460.41949943013 5715.767183877651 5.866374329221644E-4 0.0011438391738705202 0.8546012377771943 
11730.438471727743 19965.97355589564 8412.910030612044 5735.912374857378 5.095993514056028E-5 5.8265907939912434E-5 0.9827804018238235 
2328.1334934476513 17546.60280139437 6.166746076898676 5763.01130880287 5.457787167217692E-5 6.840820615578694E-5 0.004228880583949273 
16737.13093824203 19533.23405380438 9888.557865804545 5736.080631906795 2.414929403746935E-5 3.6901558726607506E-5 0.028072556971430462 
124.63347821740425 15010.14836963547 11.499931080736346 5763.314251180831 3.3404161119832896E-5 2.485017457248972E-4 0.004278302047999376 
212.52681999447424 19924.844736072253 4021.397053124493 5766.546825558025 1.8367148906599272E-4 0.001598787864022704 0.9777240516473116 
6341.4602033252495 19832.744485934614 7150.774787332519 5736.0863420344485 5.3351607711479756E-5 8.552213888796156E-4 0.8893039621227663 
276.8982568399171 19550.076429281784 94.97309177969348 5898.220393206463 6.515336680059069E-5 4.094170019302305E-4 0.004368967840436623 
1342.0271047737622 19198.740962274213 2039.4380814974975 5762.738047358784 1.5525073688315606E-6 2.3928894318833455E-4 0.0029737783980752826 
19712.61023202379 19989.574471439057 18747.540356711972 5756.516868548805 5.253495530976262E-4 5.701344282768899E-4 0.9056230853998241 
19863.872259896303 19985.705498337455 9436.79029379054 5715.767183877651 7.290242913711911E-4 0.0011772697972491303 0.9470082754153538 
19616.494817520008 19988.05118778854 16288.070907117008 5736.9464310947615 8.643300920677345E-4 1.6896042684749822E-4 0.9198820086258064 
3861.4452519105007 19497.070451458345 7034.567361865104 5736.042606782815 8.11723396514823E-6 0.004601880524512535 0.9260576524166937 
124.63347821740425 14905.877261336685 6.851984691640521 5765.536927749541 3.3404161119832896E-5 2.485017457248972E-4 0.004278302047999376 
13648.972883943421 19978.00318484096 9460.41949943013 5746.677101247711 0.0015002529236178837 5.461898760950662E-4 0.6992074210116437 
7.391501540874419 12864.837566086853 13.299880803308142 5762.900864519756 0.006686790745414481 0.002644927638203373 0.00427764370211392 
12766.221722718725 19983.432641892578 8668.45344355292 5738.379923184036 7.73893973257852E-5 0.0011650397326603875 0.8913133637253525 
245.84164239435796 19985.278987699785 2039.4458582608142 5762.738047358784 1.5970422706330982E-6 2.3763209934844808E-4 0.0029737783980752826 
216.78602467599018 13189.25988273068 393.4721308289036 5763.557150834753 0.005190379660072936 0.002048377042225568 0.0036910525313142983 
19774.085889676604 19978.35588890468 17226.983131879562 5736.6759401287145 7.351822194411138E-4 2.969519476478488E-4 0.9056230853998241 
19272.2715024565 19979.359185808993 18340.096002367718 5715.767183877651 7.128737655072251E-4 0.0011504055379246072 0.9062583625250444 
19999.91831304282 19988.05118778854 15337.715520443624 5736.9464310947615 5.689782836074711E-5 4.884978860410193E-4 0.035705786608911286 
2540.853048032077 19973.724120477906 5241.704382346931 5739.473494795067 0.0028858373445571975 0.00820656080716594 0.9674343441223249 
19626.498047081448 19962.754461506218 13281.606873076471 5761.779419026261 1.241629893406651E-4 7.025769846166771E-4 0.8926940409371991 
19203.1719439586 19970.563022433074 12891.7942066101 5750.779816844434 7.424913813620448E-4 2.4546587617253805E-4 0.9028629042041016 
19396.17194524881 19979.359185808993 18468.80787040086 5715.767183877651 7.128737655072251E-4 0.001150604995375233 0.9062583625250444 
19610.72757237841 19957.54376148422 16050.23205826709 5736.158249621503 7.139643322230518E-4 5.359003671992013E-4 0.9619134625140264 
18607.595314297498 19987.886952979195 9925.510720355864 5712.5144606335525 0.0014487283844651566 4.1225010548470855E-4 0.8841991316775766 
216.78602467599018 12571.367026394806 8.390075147816123 5762.890806704384 0.006610036873739816 0.0026345793107411587 0.00427764370211392 
3861.4452519105007 19951.32059781892 7034.567361865104 5736.042606782815 8.916838759747293E-6 0.004601880524512535 0.9260081766295086 
19727.730668535816 19971.99506078686 13770.522104806154 5763.529460203664 1.4289652919424593E-4 3.8038243148029276E-4 0.8934145201041485 
13676.417555139898 19974.03865881208 8460.217411378244 5769.236946041406 0.0023657748435811027 0.0035182821108560706 0.8536982702600802 
245.84164239435796 19665.684885618462 8633.882910286235 5762.8958454471895 1.6525926967015934E-4 2.970349172840142E-4 0.004278277367309513 
216.78602467599018 12571.367026394806 8.390075147816123 5762.890806704384 0.006610036873739816 0.0026345793107411587 0.00427764370211392 
14001.224253535645 19976.85471098713 9572.830600701818 5746.677101247711 0.0014968112205421156 2.9383528917898224E-4 0.6992074210116437 
6308.261311199267 19941.904746887176 7188.356091045507 5736.080631906795 2.414929403746935E-5 3.6901558726607506E-5 0.0137511179937706 
280.5601510053793 19823.477467162862 4021.397053124493 5755.45523311616 8.21459577034856E-5 0.0015921258604721324 0.9771857386824845 
19497.731112459514 19906.406551171644 15063.586058926841 5718.77249947577 1.7630300950279942E-4 0.00364225364785862 0.8136196299371518 
3785.1333563711833 18620.65433840264 8132.573682249324 5762.900991548351 4.980971383528E-5 4.11606990248976E-4 0.004370697738364534 
216.7009199495205 13289.346385193248 119.74530692051155 5762.763147299103 0.005436108892804329 2.8407956122290193E-4 0.004278871444364815 
1307.47904066695 19954.85072657309 6865.335354586886 5767.6026647366325 5.4643730876540846E-5 8.527315125400913E-4 0.01976481008056257 
16610.157178033176 19975.632958316233 9854.135873223498 5747.178270280422 0.0015002529236178837 4.99064329053622E-4 0.6992074210116437 
3861.4452519105007 19497.070451458345 6582.675651550518 5736.031434121303 6.1001293996168957E-5 0.004601880524512535 0.9260576524166937 
3861.4452519105007 19579.32911478045 7292.155584976731 5762.523945820164 8.916838759747293E-6 0.006716200358656542 0.9260081766295086 
18551.27884329246 19966.939607946264 15173.915206433468 5760.954482138875 5.22152731940468E-5 2.146167411862763E-4 0.8105008670998026 
19730.79267705789 19957.34215877807 11569.32601824383 5736.13056787618 0.0034653041182826495 0.004880917354101276 0.9639562689884293 
14001.224253535645 19978.00318484096 10152.585789784302 5736.242412237912 0.001573349381013371 8.443623258454426E-4 0.7857734410354141 
19075.770523650808 19970.56563674362 12914.087507601682 5752.4936100653 7.336654443814547E-4 5.452841344590381E-4 0.9059093985156212 
99.2841033200049 19941.904746887176 5.192277697871361 5763.1557775284045 2.1066435461753776E-4 6.840820615578694E-5 0.004276385167121657 
