45.11681120453894 12497.756111039009 11.59292968530239 5751.500763274694 0.20950006871587262 0.004381416334353552 0.9963326352414258 
19969.799385820115 19995.821399179258 19950.076556039377 5722.460328496273 0.0019265030373006357 5.6002388519233045E-5 0.8173543553342986 
136.63847259428078 12979.86690652404 1.0685353948688345 5749.530869569194 0.13109374703385368 0.0014033613075234755 0.92223441642157 
8.125344104615522 12337.022714685552 2.0685259769738416 5749.396358022705 0.016974225729194437 0.004519774205820783 0.9066022509889718 
407.6439742131354 19831.77712890225 4033.1481863824833 5722.288824838781 0.0015754517358849071 4.751591936597312E-4 0.9720775796728883 
134.4130099551089 12571.644501740924 11.621241362535674 5751.06175312305 0.20950006871587262 0.004379802615892568 0.9963326352414258 
18197.70114453303 19997.18747545578 14496.028142911642 5748.102916207125 5.373788046846063E-4 7.768656486033139E-4 0.9639915706427993 
1.985996348780418 12464.734611373118 1.040608482182705 5749.530869569194 0.13109374703385368 0.001385868245442267 0.9224906544330923 
57.528133853388766 16571.463619503244 4.5242142852236675 5748.420236705136 0.0027525147476801528 0.004539523287013214 0.9061487317802582 
131.1761741738037 17095.57769711292 0.6680800700371563 5745.131794656765 9.536694419105623E-4 0.002043967428023515 0.9417641573006623 
13967.798137016398 19995.63792395473 9175.807300271012 5721.9595424844365 0.0015743645972648842 0.0015711367514620205 0.9912182375233064 
19937.27688240015 19992.43587017564 12514.63273053517 5748.3486257039585 0.0015956869026556245 0.00159250835766748 0.9439147518271365 
19395.6449782375 19941.00356568513 14761.123219202365 5720.237960675868 0.0029905589671195697 8.58801075352067E-4 0.9912182375233064 
1979.3274894460083 19976.609053877553 8237.23690074926 5774.833938597997 0.001596544654826153 4.2219482248379296E-4 0.9696027661101796 
164.46326286182784 19995.30150950858 1801.8120567815408 5774.114492921905 4.092024979627703E-4 0.002766071542986323 0.8930608586545676 
1979.7214258129138 19987.212982390174 7619.0333597318995 5747.743950790777 8.414083870990428E-4 0.001366801958173769 0.8288529682992795 
51.019677080967455 18393.162638058835 248.69221592230804 5748.770241848895 0.0027298499392673214 0.0025359138902517793 0.9810895443939341 
25.34293989837787 19904.45180176078 5705.005852985172 5726.116494282913 0.0015948304859769364 0.0033825448609107233 0.959384951315266 
157.45270060481926 19987.239567148485 8274.927004817786 5750.857602850833 8.261986346061714E-4 7.311174681789393E-5 0.9262464291788078 
51.672246991765576 12958.891499319107 4.126420588708779 5748.420236705136 0.001391300373200721 3.958131094323816E-5 0.9116575480677308 
25.35344333360706 19904.45180176078 5705.005852985172 5726.116494282913 0.0015059209642893602 0.0033825448609107233 0.981636108476868 
84.73819800860599 12695.366255622374 3.249481111158257 5753.7266580017 0.018954992098864892 9.969799702173531E-4 0.9663551218848929 
11791.883056388688 19993.59423125236 8807.173667080098 5744.157116087632 0.007211131871747188 7.601858889963683E-4 0.9120594813157246 
140.40127444272866 19981.37436734614 7942.5833995302 5744.7979112488765 0.016566722705983045 0.0016286251438121582 0.9727064681478724 
50.47650240561629 18240.900861459697 1.0685353948688345 5749.539836681639 0.0061931350368635285 0.025373930032768933 0.9848529651742238 
6795.157566342366 19981.37436734614 8108.927116598687 5749.516597859798 0.001960086332187468 0.0033364555633453473 0.9663000007681021 
650.3923518789106 19846.31613336926 3306.889888524776 5731.054161125937 0.007271209828315184 0.008558666559829628 0.8944855008264732 
17762.204659493367 19990.450505822468 7775.386889007586 5725.689811079079 5.926169231357657E-4 0.009704263173513713 0.8530402558836392 
10137.430060901519 19281.081953963334 8436.574728965437 5720.899103265921 0.0033041025576321667 2.2586569141295402E-5 0.8086937457598521 
10137.430060901519 19998.352327429082 8436.574728965437 5720.899103265921 0.0033041025576321667 2.2586569141295402E-5 0.8086937457598521 
14000.383490604665 19998.352327429082 7912.919483327703 5749.455304839513 0.0033035642112542096 0.0015152216174606718 0.8088226228912332 
19738.455324676735 19997.18759534922 15033.745274979814 5721.9595424844365 0.0016592188980372596 2.3304506315539376E-4 0.9674679935122852 
19945.944845195492 19992.78095982571 10849.904391662298 5727.271160137026 4.39942138613319E-4 7.307187473924695E-4 0.9693664923752708 
79.21894270492703 14845.466527472696 12.219295302684213 5747.722168152688 8.068600434373773E-4 9.889196020184125E-5 0.8965103521535116 
18970.18718289521 19999.766812638114 12447.825586394249 5753.893090813608 2.8367215746484976E-5 1.6603680829271666E-5 0.8937790914865941 
144.1771452609596 15085.495685922893 523.3369604590915 5747.576913091336 7.568448791527484E-4 1.702682216986667E-4 0.9704489722550684 
266.14644959265456 19625.633906364656 10676.290081070074 5722.288824838781 0.0015758069868720506 4.629060667697608E-4 0.9720775796728883 
134.61306182809724 13350.995683321307 7.892711969756024 5745.022411311928 0.007080509992505715 0.0015078204429446768 0.8591052657760339 
426.1287910470668 13350.995683321307 7.892711969756024 5745.136058135497 0.006883334803668802 0.0014295023074144416 0.9967065791427451 
132.79834601648764 19987.212982390174 7207.426969616281 5749.528513117934 0.001139095441616611 8.055067501153558E-5 0.8954318675607809 
17536.318751776846 19733.159778221238 11993.22805161596 5805.565899505915 4.5539090939913224E-4 0.0015010204975926763 0.9377515959471391 
6097.655046838079 19981.37436734614 7889.606264629266 5744.7979112488765 0.016566722705983045 7.069994096806252E-4 0.9677110705005569 
56.298194908052345 19520.48925224305 55.77563817272582 5744.509969406696 0.0011009733504720228 1.6090429970803217E-4 0.9670278011424684 
159.1705948563677 12403.414792458583 7.79311945613199 5753.431963644344 0.018810624944241783 0.004377767735906457 0.9826609198352179 
2337.2047893344247 19831.646559806926 5705.005852985172 5748.594215017417 0.01460721869192562 0.0016328881069558048 0.9403782040678588 
19263.842470408017 19990.103799672022 18821.326167771804 5748.915099658703 0.0018555525412089525 5.7405891731523106E-5 0.8925340889188604 
19395.6449782375 19941.00356568513 8818.283895405119 5720.686161316545 0.0029905589671195697 8.58801075352067E-4 0.917107503376753 
19220.111318573974 19825.442847760514 12108.026449433155 5748.525267379516 0.0018499841578288843 0.0015032957323268155 0.8591526707667255 
19962.339050831742 19989.83519233099 17770.208723647957 5748.606868389617 0.0018555525412089525 0.0015275802638380534 0.9596160562873488 
264.01407204366296 12569.586983647157 7.8778859344246674 5749.412186460537 0.1306089105598131 0.004379802615892568 0.9753903100528556 
44.67889010098537 13947.09934207283 1.2572071095697837 5775.058082358196 0.021968530903995365 0.00442844216383998 0.9417223670767346 
18325.763462474086 19639.60323380132 10718.737631329303 5727.406956487038 0.0015955126190471693 4.628587545744651E-4 0.9112595501277582 
6908.010469371869 19957.74299985874 7808.238975127895 5749.516597859798 0.001960086332187468 6.880937365809192E-4 0.9663000007681021 
18333.272910833377 19639.60323380132 10833.101197167116 5727.406956487038 0.0015955126190471693 4.628587545744651E-4 0.9112595501277582 
13967.798137016398 19995.63792395473 10327.351866943 5721.9595424844365 0.0015743645972648842 0.0015227764142809435 0.8929664812772623 
969.060690181753 19995.189314025283 5502.811620873181 5748.3486257039585 0.0015956869026556245 0.0033719067674130732 0.9439147518271365 
20.41463870562291 19831.77712890225 3983.562578268482 5722.288824838781 0.0015754517358849071 7.323306841696005E-4 0.9720445193888928 
80.89970552907806 13961.93814875183 20.404120850418707 5745.152501866516 1.1511617020610668E-4 0.0015078204429446768 0.9369966083206831 
17762.204659493367 19990.450505822468 9015.045601605012 5725.689811079079 5.926169231357657E-4 5.568417073011664E-5 0.8530402558836392 
17762.191754517702 19635.988232765903 9096.411619994497 5725.457026054262 0.001619173470107097 0.0014086144959012418 0.9902692993916177 
757.3250289515661 17099.15075070784 3.2018226114811625 5745.131794656765 9.536694419105623E-4 0.010485450816179138 0.9413268474503981 
6711.250835501699 19990.735899539806 9015.045601605012 5726.1804343525 4.989290630647101E-4 0.0015365889902764574 0.8530402558836392 
110.76872842697172 14526.205968716193 13.863578796986985 5749.215579488912 0.004008816835989403 2.0467443228057046E-4 0.906169623803685 
969.060690181753 19964.755132102346 298.09328233281394 5748.753778846761 0.002722434734767713 0.0018400122585642432 0.9806352337429396 
33.27818819152455 19134.41161589568 146.78403588055744 5745.088258816872 2.0321077058070363E-4 8.05649862821254E-5 0.9821683367512218 
80.69719780903516 16132.792887203745 7.014682875271788 5743.348183439327 1.404395592165998E-4 0.00254600564306888 0.9887032453837908 
19568.391623408585 19999.94403057704 15910.278588529496 5716.082680565796 0.003213116000813403 2.2441688456713832E-5 0.8001389173253699 
974.0911643374295 19994.308165878367 5762.828705066439 5774.178119051009 7.527151185039901E-4 0.002766071542986323 0.8930608586545676 
19961.355941226553 19976.69416277347 16329.266676364476 5772.981549548497 0.0018526630458787342 0.0015238261467511172 0.9599459466809191 
51.672246991765576 16556.25400462862 4.5242142852236675 5748.420236705136 0.015238510182978556 0.004539523287013214 0.9072992232011815 
14447.534840163135 19999.766812638114 8356.054280197242 5755.905354918354 5.357777387072696E-4 3.703368611097935E-5 0.9504779112057946 
155.50356380177539 15666.013092955542 55.77563817272582 5743.226829298798 9.93286591313942E-5 1.6090429970803217E-4 0.9656805884445346 
19972.343752660687 19976.609053877553 8237.23690074926 5773.1921137434 0.001596544654826153 9.548064887286535E-4 0.9696302543737332 
181.78096294997658 15776.871776353768 75.61720880649719 5748.035130743608 6.74267830665277E-4 7.384875016197764E-4 0.9062326749059976 
14229.568275194399 19987.216610609416 8236.06701017755 5749.4023269490035 9.164518557101104E-5 0.002325822307462666 0.8934723859046597 
3768.2850912550684 19998.42772888755 8533.34973099002 5775.983449775847 0.00101821449395542 0.0025726709238408415 0.990603894798551 
6711.250835501699 19990.735899539806 9015.045601605012 5726.1804343525 7.657222669358969E-5 0.0015365889902764574 0.8530402558836392 
11791.883056388688 19993.59423125236 8175.759048119612 5748.435441445374 1.6879336155253052E-4 7.2933731268357E-4 0.8722400365839924 
19962.339050831742 19911.914816719756 16580.936845756783 5772.982546932499 0.001853226329632695 0.0015238261467511172 0.9599557829386643 
19995.482715235703 19989.83519233099 17149.648888757143 5715.6401141042015 0.003983097636867993 0.011779657508409064 0.9050671633138317 
10137.430060901519 19998.352327429082 7912.919483327703 5721.0462911818295 0.0032995489778515266 2.2586569141295402E-5 0.8172483291755179 
19845.075302229125 19982.989782257217 15511.976092202789 5773.122330580853 0.0018610931082485762 7.081741093795637E-4 0.8584595628684639 
80.89970552907806 15095.276136200575 118.97652153619649 5747.529912815756 1.1511617020610668E-4 0.0032522960849277463 0.9369966083206831 
17536.318751776846 19825.442847760514 12108.026449433155 5748.519173837101 9.550162834462624E-4 0.0015032957323268155 0.9377515959471391 
46.23595185031749 19981.36315393894 2816.5267981711977 5743.190846928827 0.0030423029809498077 5.878411109887594E-4 0.8339003008366023 
60.4217440466263 19953.1087070963 1644.0245307130415 5742.815405851476 0.018400828182861456 1.2562975926174585E-4 0.9978664396412438 
19962.339050831742 19989.977634328 19289.561055745886 5750.869342153957 0.0013219365068390804 7.348793213589767E-5 0.8069320623770497 
60.4217440466263 19953.1087070963 1644.0245307130415 5742.815405851476 0.018208010399385063 1.2562975926174585E-4 0.9978664396412438 
112.70483233422127 14453.657306426037 7.79311945613199 5749.215579488912 0.0158393133661752 2.0467443228057046E-4 0.9817359987409708 
11791.883056388688 19993.59423125236 8175.411022535394 5748.436568968631 1.678191533176709E-4 7.2933731268357E-4 0.8722400365839924 
134.34193976403446 12561.96006010479 7.8778859344246674 5749.412186460537 0.1306089105598131 0.004379802615892568 0.9734928200511607 
80.22580618006283 14882.448971380416 3.6739655569787724 5748.420236705136 0.02259124841364067 1.029474050353988E-4 0.9116575480677308 
4533.494069798595 19754.552058262296 8807.173667080098 5744.157116087632 0.007122978895760872 7.29386240177522E-4 0.8549072703817254 
70.52813427642482 14453.657306426037 7.79311945613199 5749.215579488912 0.0158393133661752 2.0467443228057046E-4 0.9817359987409708 
769.1363234361143 17540.480430112606 47.28629837010703 5745.11737411477 1.6688792603858525E-4 9.363421898068742E-4 0.9659989653437732 
155.50356380177539 15085.495685922893 120.22972552410656 5747.576913091336 7.568448791527484E-4 0.003269295788231853 0.996638519477781 
134.34193976403446 12693.802314406817 4.126690433186096 5754.462571626131 0.002750475890053089 0.004379802615892568 0.9963326352414258 
136.63847259428078 12462.851588813977 1.040608482182705 5749.530869569194 0.13109374703385368 0.0014033613075234755 0.92223441642157 
245.6205911510042 19989.875042615313 2287.5267194396247 5751.150094411103 0.0019597682648246815 7.575562447847779E-4 0.9803022849335044 
37.260966722871736 18952.94814426248 146.78403588055744 5775.203485917887 1.262534085677163E-4 2.964478715567799E-5 0.9821683367512218 
