8.186 14863.0 
1.638 29136.0 
5.634 15108.0 
6.942 15088.0 
7.533 14956.0 
7.179 14980.0 
1.746 26655.0 
2.734 19217.0 
2.227 22017.0 
2.167 22345.0 
2.826 18497.0 
5.547 15127.0 
1.935 24348.0 
1.77 26282.0 
4.506 15471.0 
1.995 23901.0 
7.714 14925.0 
5.326 15142.0 
3.49 16757.0 
7.82 14922.0 
2.385 20804.0 
2.099 22889.0 
2.445 20420.0 
1.978 24099.0 
2.782 18709.0 
3.078 17738.0 
7.017 15082.0 
4.381 15559.0 
4.81 15324.0 
2.619 19452.0 
2.029 23547.0 
1.914 24650.0 
2.417 20587.0 
1.844 25327.0 
5.17 15198.0 
4.054 15879.0 
2.072 23093.0 
7.999 14915.0 
3.777 16253.0 
2.355 21117.0 
1.653 29016.0 
4.634 15427.0 
5.076 15250.0 
2.264 21670.0 
1.716 27437.0 
5.001 15292.0 
3.589 16543.0 
1.664 28726.0 
2.315 21458.0 
7.148 14991.0 
1.719 27149.0 
2.053 23276.0 
3.677 16442.0 
4.334 15635.0 
2.613 19482.0 
2.128 22632.0 
1.785 26052.0 
1.86 25132.0 
1.686 27873.0 
2.252 21812.0 
2.955 18069.0 
3.974 15975.0 
3.72 16346.0 
2.559 19767.0 
4.677 15380.0 
2.495 20178.0 
2.516 20031.0 
1.67 28569.0 
5.277 15187.0 
1.732 26964.0 
1.671 28201.0 
2.362 21081.0 
2.144 22542.0 
8.132 14888.0 
2.738 18969.0 
1.817 25867.0 
3.169 17474.0 
2.902 18265.0 
1.676 28160.0 
2.743 18871.0 
2.544 19840.0 
4.135 15785.0 
2.902 18265.0 
4.783 15349.0 
2.032 23456.0 
8.038 14910.0 
4.229 15689.0 
1.823 25591.0 
1.896 24779.0 
1.877 24962.0 
3.87 16186.0 
1.826 25562.0 
1.703 27573.0 
3.877 16173.0 
4.233 15683.0 
3.439 16860.0 
4.124 15812.0 
3.133 17597.0 
3.597 16528.0 
2.982 18019.0 
