1.644 28959.0 
9.406 14778.0 
1.644 28959.0 
6.17 15044.0 
6.631 15021.0 
6.062 15071.0 
9.159 14802.0 
8.714 14822.0 
8.373 14832.0 
2.418 20851.0 
2.135 22578.0 
1.909 24768.0 
3.583 16619.0 
5.703 15093.0 
2.511 20191.0 
1.765 26426.0 
2.814 18748.0 
2.057 23375.0 
1.74 27102.0 
7.267 14946.0 
8.111 14889.0 
4.328 15670.0 
5.129 15245.0 
2.219 22012.0 
2.341 21166.0 
1.708 27877.0 
3.122 17658.0 
4.151 15783.0 
5.53 15101.0 
3.344 17179.0 
2.99 17985.0 
5.233 15140.0 
5.379 15114.0 
2.593 19619.0 
3.485 16804.0 
3.194 17459.0 
8.626 14831.0 
3.047 17823.0 
1.655 28656.0 
2.087 23014.0 
7.629 14901.0 
2.634 19390.0 
1.71 27371.0 
1.745 26733.0 
4.589 15515.0 
4.956 15252.0 
8.226 14861.0 
1.829 25546.0 
1.946 24308.0 
6.711 15004.0 
4.678 15425.0 
7.897 14893.0 
6.977 14997.0 
3.958 16006.0 
2.909 18308.0 
2.917 18180.0 
1.812 25787.0 
4.777 15357.0 
2.001 23727.0 
2.419 20563.0 
2.311 21268.0 
1.795 25976.0 
3.684 16454.0 
2.552 19953.0 
4.444 15541.0 
3.853 16205.0 
2.715 18966.0 
4.871 15310.0 
2.0 23736.0 
1.87 25041.0 
2.241 21761.0 
4.067 15927.0 
2.557 19830.0 
7.448 14944.0 
9.215 14782.0 
7.898 14892.0 
2.675 19212.0 
2.829 18502.0 
3.89 16097.0 
1.977 24107.0 
1.664 28312.0 
2.286 21520.0 
2.181 22266.0 
2.463 20472.0 
1.886 24932.0 
1.753 26577.0 
2.156 22402.0 
4.386 15589.0 
2.066 23190.0 
3.44 16934.0 
3.189 17472.0 
5.697 15097.0 
1.732 27365.0 
1.648 28847.0 
1.858 25302.0 
7.483 14932.0 
1.677 28069.0 
7.115 14973.0 
7.603 14916.0 
4.087 15832.0 
