6.379 15014.0 
1.637 29156.0 
5.833 15081.0 
5.52 15101.0 
2.963 18051.0 
6.327 15023.0 
1.776 26405.0 
6.084 15038.0 
4.105 15821.0 
3.979 15967.0 
2.063 23171.0 
1.789 26032.0 
1.745 26781.0 
2.538 19934.0 
3.211 17409.0 
2.574 19696.0 
3.685 16406.0 
2.815 18543.0 
2.615 19523.0 
5.188 15192.0 
2.815 18543.0 
5.356 15121.0 
2.162 22485.0 
2.672 19362.0 
3.807 16282.0 
2.352 21005.0 
3.06 17873.0 
2.037 23590.0 
2.282 21609.0 
2.216 21935.0 
2.127 22714.0 
1.728 27011.0 
1.841 25352.0 
4.556 15450.0 
1.813 25762.0 
4.395 15620.0 
2.524 20285.0 
5.071 15201.0 
5.024 15235.0 
2.686 19127.0 
1.882 25111.0 
2.422 20730.0 
3.509 16724.0 
5.46 15115.0 
2.734 19028.0 
1.67 28502.0 
1.94 24379.0 
1.829 25602.0 
1.672 28236.0 
5.961 15080.0 
4.914 15260.0 
1.909 24711.0 
2.367 20909.0 
1.905 24759.0 
2.012 23620.0 
2.775 18733.0 
2.989 17950.0 
4.829 15307.0 
1.968 24066.0 
1.99 23927.0 
3.938 16080.0 
2.303 21323.0 
4.648 15400.0 
3.352 17134.0 
3.565 16613.0 
4.208 15718.0 
1.713 27332.0 
2.755 18835.0 
1.7 27632.0 
4.169 15772.0 
2.091 22997.0 
4.312 15636.0 
1.954 24350.0 
4.278 15672.0 
2.104 22888.0 
2.443 20470.0 
2.303 21323.0 
2.179 22260.0 
1.699 27707.0 
1.686 27963.0 
2.244 21739.0 
1.718 27262.0 
4.466 15520.0 
1.869 25170.0 
3.096 17667.0 
3.283 17277.0 
1.648 28885.0 
3.283 17277.0 
4.734 15340.0 
2.179 22260.0 
5.992 15067.0 
4.612 15406.0 
2.442 20615.0 
4.739 15335.0 
3.826 16219.0 
4.46 15529.0 
5.277 15180.0 
6.059 15045.0 
3.147 17560.0 
3.6 16570.0 
