19948.70589158196 19997.718079856382 19890.246938398308 5714.908824969364 0.0017625230799883248 0.004311091382859678 0.8657269803516164 
36.11714894266222 12196.405449644208 52.950029241165055 5753.739106479746 0.7376976081003779 1.7241477415781649E-4 0.8225234004348387 
19948.70589158196 19997.718079856382 19890.246938398308 5714.908824969364 0.0017625230799883248 0.0031973575916455672 0.995737590572742 
9.550203149076651 12396.838087127067 43.7308799537682 5756.248525208984 0.1682246496903163 0.004365111428405708 0.8736863594658858 
236.29097506574317 13758.501429560489 3.0264286650545387 5797.202939957609 0.7096354707722924 3.751520650295949E-5 0.998464416913536 
16.180761412574444 12155.936616625975 3.0264286650545387 5755.495939904143 0.7097522677617542 4.3880798592269184E-5 0.9749601475497747 
17545.22936347625 19997.00770530516 8979.5355115131 5712.959612000111 4.2828582940860477E-4 0.0013366737745585373 0.9925063566882056 
825.261840402592 19997.72202878016 4469.523394879526 5719.91047855526 0.0014649319399547328 0.004413203618566114 0.9486272961696346 
175.5960408314237 12396.838087127067 43.7308799537682 5756.248525208984 0.1682246496903163 0.004365111428405708 0.8736863594658858 
16.734663125714775 12396.838087127067 43.7308799537682 5755.494309359297 0.1082508961439031 0.004365111428405708 0.9089231651234128 
60.52090103192138 12424.51513132661 65.80454861184367 5755.494309359297 0.1082508961439031 5.190365324949718E-4 0.9089231651234128 
11185.646970054255 19989.648832402432 7394.080074045516 5709.896303822502 0.0017736991849964761 0.004597696574147891 0.9958809210377761 
11074.897765125548 19997.00770530516 8727.422219635771 5714.548381343157 4.2828582940860477E-4 0.0013239209829987693 0.7899313378619868 
17.95192858538822 11916.120405822217 86.01538169135456 5753.739106479746 0.017481230927877796 0.00429002558270586 0.8248288230528444 
12.089959696264813 12446.96887956819 193.6185736605816 5755.448076061007 0.7143584162907988 9.841870702927318E-4 0.9978940510566419 
9.239073375945143 12396.838087127067 43.57838633164935 5753.674264878108 0.017573060774970756 0.0028253646931675515 0.8736863594658858 
206.47233967846114 19998.065544646506 1286.3394040936546 5756.432113348647 0.001776402984489588 0.004075855053630816 0.9346134264467871 
31.92547835575533 16677.725669285006 317.1069881274984 5756.237958181904 0.0046578514915982415 3.8578489183359446E-4 0.8078456299460065 
11200.699608860821 19999.90487171311 12168.21553737386 5713.312568888214 0.0013086367500982276 6.777986008864522E-4 0.9144801239492188 
11290.010772217218 19823.595613016467 9987.956604349707 5708.7741762357755 0.0013366516829548315 0.004304829335558737 0.9737199447702825 
19261.905378404696 19999.278065939503 12071.221967117799 5742.933420133278 0.0011977891209626738 0.004304829335558737 0.956232399539975 
6490.169228016437 19998.27047560797 8033.969143764515 5714.926029218852 5.859104722571395E-4 0.004304660168029807 0.9845606648570705 
19648.581253825185 19998.053126586517 18268.865793034638 5708.7741762357755 0.0013366516829548315 0.004304829335558737 0.9337886473715272 
19669.590654661417 19928.601516482777 8756.275151297772 5708.467339267641 0.003628936756098086 8.808568872059486E-4 0.8991743168686221 
11.611997146112003 13710.073225012238 9.944696476385872 5757.309105098227 0.005511832342818268 3.2838382201624976E-5 0.9947084161345442 
19987.809748669562 19517.75283361018 14026.95146699417 5713.696931524844 0.004554909961280958 2.186013272038258E-4 0.8189312047338089 
19948.70589158196 19997.718079856382 16906.060355909936 5714.908824969364 0.0017625230799883248 0.004311091382859678 0.8657269803516164 
10944.372916838656 19997.00770530516 8991.925326780425 5712.968289438745 4.2828582940860477E-4 0.0013239209829987693 0.8143526185171321 
28.74098351257527 19740.49055560801 3008.1186981535166 5730.644973922372 0.0034281254854675843 0.0028352294276480306 0.8650659142325482 
257.0837708646003 13305.36581173276 2.0227046099725996 5758.456981647772 0.7307419378479453 9.88981999650549E-4 0.9978766966841884 
49.52620374864456 19916.738893048274 8709.713654169253 5712.932895046364 7.366037841938779E-4 0.003542174955453664 0.9360394728332685 
126.9379021406357 19968.913404438572 3344.4220551133785 5861.7139036586805 0.001870304387172888 0.00224831278230574 0.8940200302397148 
19648.581253825185 19914.59476471596 17983.023826498313 5708.7741762357755 0.0013366516829548315 0.004281003152291334 0.7503496736185746 
49.52620374864456 19916.738893048274 7395.696461330446 5712.932895046364 7.366037841938779E-4 0.003542174955453664 0.9360394728332685 
392.8235048158367 12837.215566183942 53.1201421161968 5752.293694262244 0.7304180463038115 0.0010042345496066231 0.9978944006943625 
27.317219677866888 19618.54997903547 85.52748771355755 5714.718216630675 0.017159685299789788 8.976437201622677E-4 0.914276027515924 
19741.34516119629 19815.371711052423 14888.193379330043 5713.268735360345 0.0013617796230915693 2.2465346295142633E-4 0.9909704314740414 
16.965409044410272 13861.889610796361 17.48207287294872 5755.494309359297 0.007818103160377173 1.7110489761562033E-4 0.9266470425509146 
11.611997146112003 12438.760261722535 3.0264286650545387 5758.456981647772 0.7143584162907988 3.2838382201624976E-5 0.9978940510566419 
315.2323563345062 19978.12911736908 8890.372733262735 5729.277683933515 4.7300067930726355E-4 8.528672654342347E-4 0.8723315992955959 
16.979153760153253 12988.583176505133 48.18853806936027 5753.739106479746 0.0017023268516258927 4.487296502325808E-4 0.9248699797717759 
19378.90060249638 19982.987679669222 16408.233512692594 5708.9267993894555 0.0018852273449214076 0.004611833694697825 0.8268126858945988 
19971.349215713577 19997.19715129961 12722.062405235547 5712.258893413272 0.0036899670105542594 0.00328738981382917 0.7876026441540929 
17793.324416166415 19972.16757481671 10878.162312564447 5712.65028953797 0.0021993225113731 0.004168866106665609 0.9903760924446599 
16336.820628006191 19998.289783287517 11021.640840238295 5708.631882986955 0.0018772376771783884 0.004284404943819405 0.9845922513957956 
27.317219677866888 19999.90735607122 6614.29091807495 5714.718216630675 5.363759706166458E-4 6.77728660145983E-4 0.914276027515924 
16153.392276931438 19988.146494897082 8131.369866920027 5707.258654939663 0.0017489809120497628 0.004190982102967101 0.8215408252247284 
11290.010772217218 19823.595613016467 6574.291607419849 5708.7741762357755 0.0013366516829548315 0.004304829335558737 0.9118463701861633 
4620.541736497809 19949.068107335537 6702.180054648924 5709.864908406288 0.0029949423116825084 2.175473414872003E-5 0.9818583527997284 
8.99630143593545 12181.075157786878 3.0264286650545387 5757.980968145096 0.7097522677617542 5.21736514079614E-5 0.9970941230026662 
4886.251346705991 19998.32607664288 7691.990965702464 5714.926016842129 5.859104722571395E-4 0.004284404943819405 0.9845680275617951 
42.88841239205112 19998.27047560797 7965.434787597307 5714.926029218852 0.0027496038868000615 0.0029108847027132442 0.9845606648570705 
503.3193299356486 15790.501388822735 29.28198970468471 5755.494309359297 0.004632790109783784 6.141731991712825E-4 0.7508528141080975 
27.429144710307842 19997.228299276492 5750.611009343343 5714.718216630675 4.650493718777143E-4 8.976437201622677E-4 0.914276027515924 
28.083198952755385 18265.13045807538 3475.459455409333 5720.215589345789 0.0021050113674714495 0.0315177496852277 0.995892780955965 
50.25820898589518 19645.7984626635 6764.541215246383 5755.494309359297 0.004626182460849951 6.936828229944286E-4 0.8836658660501643 
11.177686251417526 18206.85515551208 155.05982786476807 5720.128149380297 0.00205546180132336 0.0012399223358081266 0.9953810960155577 
12632.96158333118 19837.715695042814 9987.956604349707 5709.1922685951395 0.0013366516829548315 0.004304829335558737 0.9201776206495219 
252.0745672109255 13305.36581173276 184.9004772540748 5758.456981647772 0.7307419378479453 9.88981999650549E-4 0.9978766966841884 
11.835470817525854 19864.450670869934 155.05982786476807 5730.542187769905 0.0033352766229885608 0.0012399223358081266 0.8982096068967043 
16.979153760153253 12988.583176505133 30.84578036289584 5753.739106479746 0.0017023268516258927 3.5686064765295543E-4 0.9248699797717759 
19850.3515072787 19989.15091908602 16479.674605403365 5709.903759950335 0.0011896255031015844 0.004607739757730003 0.9996591114157461 
60.61640694818985 18444.517720056123 483.90870778505234 5719.895778365679 0.0160464382523694 6.229522390458684E-4 0.9958446297252059 
5.552743767594741 14793.444884106066 88.7032403487583 5752.178629188567 0.017296660761092895 0.004112360216543714 0.9996707890179259 
503.3193299356486 15808.056196768717 570.8951325224098 5755.494309359297 0.004632790109783784 6.381034189166773E-4 0.9342917584394639 
19580.52572697979 19997.719346800786 19809.826701211154 5756.497288847547 0.001758407053641135 0.004253792276859097 0.9346134264467871 
206.47233967846114 19345.23265604352 1286.3394040936546 5756.4992243727775 0.001776402984489588 0.004075855053630816 0.9346134264467871 
395.001377469052 12837.215566183942 53.1201421161968 5755.437930535321 0.7151645744900541 0.0010042345496066231 0.997958876700529 
16685.117306714976 19988.146494897082 8131.369866920027 5748.738067229336 0.0017489809120497628 0.004190982102967101 0.8215408252247284 
16.984037937852037 11947.67972232214 65.80454861184367 5753.681196034231 0.019509146603649864 5.190365324949718E-4 0.9089231651234128 
27.317219677866888 19981.69684861402 10265.13285417545 5714.718216630675 5.363759706166458E-4 6.890581453104605E-4 0.9733875267663521 
19866.19102958361 19990.667862785904 19062.086991532648 5708.478032916954 4.6480719675103996E-4 0.0032102691253416316 0.9949614587378435 
54.78517873783858 14179.9696347948 21.17466202753451 5754.283303307779 0.004626182460849951 3.898423899875825E-5 0.9261648314948145 
11447.121169310503 19947.27258859875 6671.285177676469 5713.363199503651 0.001360166304972667 6.654088078205638E-4 0.8824930893832906 
27.429144710307842 19997.228299276492 5476.080566852507 5711.393293504231 0.004448996300681619 8.976437201622677E-4 0.8498130723459594 
165.39153988877115 18998.074390636226 191.3154176926509 5731.77835085754 0.007952585853305362 3.6046694525820183E-4 0.9994233043741952 
7844.914878279271 19998.327150349724 7935.790277990127 5715.043448482499 5.777645555776925E-4 3.530987948314897E-4 0.992387034980777 
6984.739525801242 19861.394583279296 7405.740703689362 5708.7405510595945 0.0028163275473223376 0.004311359809383051 0.9918958524723929 
8.96027523382648 15690.721964387052 54.36093532374099 5755.494309359297 8.724821389270681E-4 6.250039306793136E-4 0.853438442569141 
54.89395019926077 12750.841475315607 48.879865814980036 5753.739106479746 0.017481230927877796 4.449464530071048E-4 0.8248288230528444 
70.72952573625008 17050.991894624847 437.2001887061183 5758.935902235789 0.00114806938374345 0.002013711069779294 0.9086684158339811 
315.2323563345062 19740.49055560801 2579.783728654112 5730.644973922372 0.0034281254854675843 0.0028352294276480306 0.8650659142325482 
126.70077477624329 15298.181583487101 254.4371792017596 5755.485284283537 0.00461747446276629 0.003584206865033735 0.862001940647715 
11.611997146112003 13710.073225012238 3.0264286650545387 5758.404421486376 0.7143584162907988 3.2838382201624976E-5 0.9978940510566419 
544.2364496236903 19997.383062613528 3712.346476134944 5719.91047855526 4.331304369253753E-4 0.0011766106839754006 0.948280858652529 
5.552743767594741 14793.444884106066 88.7032403487583 5752.178629188567 0.01794191988316326 0.004112360216543714 0.9996707890179259 
19886.753234050964 19815.371711052423 15376.92805677251 5714.479741411864 0.0013617796230915693 3.7799481749236085E-4 0.9936935199368405 
971.589852002805 14942.56026993836 88.7032403487583 5750.461988770743 0.01729460319402618 0.004307307042393948 0.9936330187471689 
54.89395019926077 12750.841475315607 48.879865814980036 5753.739106479746 0.017481230927877796 4.449464530071048E-4 0.8248288230528444 
971.589852002805 14942.56026993836 88.7032403487583 5750.461988770743 0.01729460319402618 0.004307307042393948 0.9990548205612573 
19662.60662290509 19909.781742093677 12665.133510107782 5732.580156779046 0.0036899670105542594 0.004168866106665609 0.7876026441540929 
19521.444325384862 19983.001897294504 15666.885299058253 5714.585222039116 2.981930159698929E-4 8.118230187570501E-4 0.9457846874351137 
1129.5578558464476 19998.660165736805 6969.184182555228 5714.717983033282 5.363759706166458E-4 8.976437201622677E-4 0.9680456076165492 
17.405896642236144 14179.9696347948 92.32722590549967 5755.494309359297 0.004626182460849951 3.7852677348841174E-4 0.9289287842661442 
70.72952573625008 17082.899590616464 437.2001887061183 5758.935902235789 0.001823337708264495 0.002013711069779294 0.9962401561485603 
109.06836044502688 17674.001148958865 190.66458497744497 5752.687623420216 0.0017654221332481178 0.0041362070541578685 0.9994233043741952 
165.39153988877115 17674.001148958865 190.66458497744497 5754.035160126064 0.001765789572399628 0.004607739757730003 0.9994233043741952 
315.2323563345062 19740.49055560801 2579.783728654112 5730.644973922372 0.0034281254854675843 0.0028244558901126086 0.859511763286263 
415.27895278261394 16099.897675184824 77.05259532320873 5753.842939887819 0.001889171195386106 0.0043097974912448276 0.8612575184639648 
19866.19102958361 19990.667862785904 19062.086991532648 5708.478032916954 4.6480719675103996E-4 0.004324002916555743 0.8643265107679808 
