12.17 13123.0 
1.637 29163.0 
9.88 13831.0 
5.833 14019.0 
10.733 13391.0 
5.673 14179.0 
10.543 13497.0 
4.845 14186.0 
3.646 15633.0 
4.359 15626.0 
4.573 14679.0 
4.546 15488.0 
3.066 17340.0 
2.89 17768.0 
2.826 17821.0 
2.748 18847.0 
3.227 17324.0 
2.217 21968.0 
2.789 18318.0 
2.782 18346.0 
3.466 16243.0 
3.504 15922.0 
3.395 16299.0 
1.96 24164.0 
3.377 16611.0 
1.674 28424.0 
2.245 21749.0 
3.239 16988.0 
1.979 23950.0 
3.331 16691.0 
2.674 19270.0 
1.79 26195.0 
3.319 16987.0 
1.706 27604.0 
1.741 26795.0 
1.753 26561.0 
5.79 14110.0 
2.609 19507.0 
1.814 25733.0 
1.677 28106.0 
3.54 15842.0 
2.023 23787.0 
3.605 15697.0 
1.709 27372.0 
2.34 21140.0 
2.269 21561.0 
4.451 15538.0 
2.067 23146.0 
1.681 28055.0 
4.61 14446.0 
2.395 20772.0 
1.724 27101.0 
1.87 25121.0 
4.71 14292.0 
2.141 22562.0 
2.09 22998.0 
1.656 28670.0 
4.715 14285.0 
10.61 13477.0 
2.313 21313.0 
2.505 20073.0 
2.376 20896.0 
1.692 27777.0 
2.352 21011.0 
2.525 19972.0 
2.714 18992.0 
2.116 22906.0 
1.718 27253.0 
1.957 24415.0 
4.596 14464.0 
2.176 22239.0 
2.042 23668.0 
2.043 23531.0 
1.644 28930.0 
1.833 25483.0 
1.823 25599.0 
2.061 23308.0 
1.863 25294.0 
1.893 24834.0 
1.767 26359.0 
2.42 20629.0 
1.794 25958.0 
2.056 23407.0 
2.572 19689.0 
1.8 25949.0 
1.64 29132.0 
2.164 22411.0 
1.843 25350.0 
2.176 22239.0 
2.686 19116.0 
4.382 15595.0 
1.764 26421.0 
2.296 21468.0 
1.655 28873.0 
2.126 22723.0 
4.845 14186.0 
2.48 20210.0 
2.123 22753.0 
2.733 18890.0 
1.692 27777.0 
