821.1027201212764 10897.481473444212 49.10986846992135 5779.288240832167 0.00536499073866929 0.004516686045440045 0.0025343675958058535 
19964.687952624477 19949.711443709468 18818.49716184791 5681.430205856548 7.780113960799256E-4 0.0020526359661151823 0.9253191567979577 
254.96393132423933 11433.0078405481 8.72893944853115 5772.25593750658 2.3493142338843398E-4 7.342332955318767E-4 0.00239406400474345 
860.0839552142762 14543.988727664062 181.55606565930205 5744.638746914587 0.005400652177875561 0.0035349858525367465 0.004451324842198512 
860.0839552142762 14543.988727664062 181.51333356472244 5744.638746914587 2.628432545630473E-4 4.0617339183733484E-4 0.004451324842198512 
861.391305531513 11559.780091748744 112.07449196743366 5781.6519350757 0.006631067043071787 0.001188489203453401 0.0029329090312507754 
870.4204197784225 13130.786180591622 103.91389873324371 5779.288240832167 0.005787083500842548 0.0012447193124626294 0.004274264842701492 
378.4347216087316 11433.0078405481 8.72893944853115 5772.25593750658 2.3493142338843398E-4 7.342332955318767E-4 0.00239406400474345 
963.1478143070636 18966.219547003264 134.18704442123817 5738.142891091474 8.241710161659317E-5 0.001198623127043481 0.004274264842701492 
860.0839552142762 13841.253068271115 182.3757261758416 5744.638746914587 0.005400652177875561 0.0035101766456708213 0.004451324842198512 
1417.7266100383104 13812.794764127153 170.84074121194044 5745.789591628622 2.2317926386770698E-4 4.149444203790328E-4 0.8086036403487559 
963.1478143070636 18144.546016635068 134.18704442123817 5738.142891091474 8.241710161659317E-5 0.001198623127043481 0.0020579493737142296 
860.0839552142762 14543.988727664062 87.56282707414381 5744.638746914587 0.005399776987483544 0.0035349858525367465 0.004474601486529874 
273.6513253445013 17559.699844988863 1824.4611812629055 5734.493999781475 0.00408605874041209 9.062155056065288E-4 0.9425050571011658 
821.1027201212764 11433.004628946612 85.45709866906212 5779.288240832167 0.00536499073866929 0.0010917630113436842 0.0025343675958058535 
963.1478143070636 19593.825515834862 2386.0653245413964 5771.309121838057 8.325106801885077E-5 0.001203828676387455 0.004274264842701492 
787.8467086087494 19998.721544376756 8759.109533443494 5734.5608562025445 0.0026776256640719445 3.39576456484698E-4 0.9973844969813009 
19791.67104286328 19986.562699670005 9136.76336333667 5747.764880400189 0.001307616799869764 6.354580853368715E-4 0.7987381068977998 
19951.596891399233 19976.342546666638 10053.112153597174 5734.4969349703915 0.0021616744426823514 0.0040753326459283005 0.8991401362585069 
19961.51346427409 19980.78473314019 12808.469512724789 5746.887355616345 0.00217344477123716 4.843529214586331E-4 0.8885397712191825 
19435.34005820553 19554.374444704466 14367.80756573406 5745.789591628622 3.9513807671297816E-4 0.002834384236944254 0.8086036403487559 
1410.3221624677954 19955.44990871435 7588.066597269087 5734.981557107548 7.786300692043559E-4 8.491082984300906E-4 0.8464647787500731 
378.4347216087316 11433.0078405481 8.72893944853115 5779.288240832167 0.005369264473508342 8.391660415635071E-4 0.00239406400474345 
963.1478143070636 19990.15590260038 2386.0653245413964 5771.355272734568 8.325106801885077E-5 0.001203828676387455 0.7931850343350673 
19471.706231382548 19897.7730812496 14838.57386431943 5767.204829437784 0.0010237395146688957 7.236384248985291E-4 0.8524545724727761 
19481.089169163497 19950.726688495768 17311.786608588012 5734.677939545296 0.0013409239976670114 0.008633611065711571 0.8919301908532414 
1861.0794287427427 13081.568896087158 112.07449196743366 5779.288240832167 0.005787083500842548 9.943411712853133E-4 0.004274264842701492 
3420.923054950832 19951.1598931272 8215.42586818929 5734.5723380447125 0.004465617918090083 0.0029515625048687887 0.8541826043832763 
970.6633090226824 19558.19183071159 7598.6125716328625 5734.494186952094 1.5303925049735387E-4 0.0013011265577029902 0.8128465419353114 
13305.944207546883 19948.95028848768 9857.654088043757 5734.5734289046195 0.0046534601376839995 0.0030248316236617255 0.8290416609414091 
19988.75100766733 19931.906787577558 9685.001376166787 5748.532166057477 8.123347686071138E-4 0.0026758100868855854 0.8602853921258014 
860.0839552142762 14543.988727664062 181.55606565930205 5744.638746914587 0.005400652177875561 0.0035349858525367465 0.004451324842198512 
19988.75100766733 19995.100619338933 16051.794619699005 5683.939154799611 7.418151248775057E-5 2.963397860701333E-4 0.8750103330838207 
19991.491725960896 19949.155415031193 11696.59119031347 5734.763022343104 0.002156870789641773 0.004899796065197603 0.8083986156044023 
19471.706231382548 19898.063742136517 14376.517875510424 5734.855561018418 4.0708899505721024E-4 0.002200522207971921 0.9918001405727886 
19033.334255100814 19886.718777417645 9166.9433069375 5734.4969349703915 0.0021616744426823514 0.0036418824474493024 0.9007890758226418 
6024.495824071266 19999.369042792187 8669.08573733239 5734.846745432203 0.004243570239942674 0.0048023554993514295 0.9735573271145478 
7168.018864720428 19987.178391280242 9210.51731293142 5748.988954907283 0.00217344477123716 4.843529214586331E-4 0.8885397712191825 
963.1478143070636 19888.59630623435 2746.143594418609 5738.142891091474 8.241710161659317E-5 0.001198623127043481 0.004274264842701492 
5998.809600756341 19999.653417062993 8372.243242430486 5734.846745432203 0.004652892148962598 0.004953601212895886 0.9882149387246665 
7934.4593355359075 19890.584373646205 9169.678633891786 5735.590561605921 0.0012947529946577949 4.52215502631457E-4 0.9013647002185126 
92.43413802105056 15796.440972115133 551.1331654383945 5734.877059959711 2.0823436193363688E-4 5.114376594352824E-4 0.9952268688878501 
19951.596891399233 19976.342546666638 11336.614894773436 5734.4969349703915 0.0021616744426823514 0.004022842814251146 0.8977141222564997 
7.433989167679111 15155.146309867867 335.063778412641 5747.764880400189 0.001307616799869764 6.354580853368715E-4 0.9844412124302799 
19871.45401940876 19886.585360254896 11033.212282849927 5746.763057763909 0.0049227424199200865 0.0030274079759690232 0.799531706489683 
957.8802503313499 19892.791840930735 6501.593094877413 5734.327467429033 7.936362080944013E-4 6.568470110387543E-4 0.8451510645077182 
1261.2000546523795 19892.7822469526 3878.0865503702908 5747.411183151746 7.798128166162585E-4 8.666021919495603E-4 0.9124597780762812 
743.6518701950902 19651.369423265434 2386.0653245413964 5771.309121838057 8.325106801885077E-5 0.001203828676387455 0.9806179741260446 
2486.5658773420273 19995.804073123836 4611.713471306831 5772.265568488998 2.4921526290599635E-4 0.012939103357125361 0.8610478212548665 
963.1478143070636 19000.004831514318 24.528842677783317 5738.142891091474 8.241710161659317E-5 2.7080709597703965E-4 0.0372580845571181 
19756.21089217685 19931.784498209836 15997.200000029276 5748.491779272277 0.0011183234388341449 0.0036648124870253744 0.874953612052236 
1674.4519293779172 19995.804073123836 4611.713471306831 5779.055240322303 0.005627864286600591 0.012776538127408553 0.8610478212548665 
19995.84607144499 19942.06020124514 15289.609312156646 5684.114475199956 9.664009211637838E-5 0.001218898400343265 0.7101409862194763 
4646.695313263921 19910.093392121038 3812.598947346232 5748.943667239707 0.003269650138551998 0.009714276340178194 0.995242194779661 
19837.251583988542 19888.49364491113 15383.901464158076 5684.114475199956 0.014620322389945456 0.00111269175101686 0.7156514705473692 
17182.925885419325 19911.898264310723 8963.766281615015 5734.29486996121 0.0054019429187482405 8.867330621489863E-4 0.991861853338054 
1332.005540377437 13081.568896087158 112.07449196743366 5779.288240832167 0.005787083500842548 0.001198623127043481 0.004274264842701492 
19963.574685999534 19551.82476055064 7815.1262956374085 5681.430205856548 1.5884741085506047E-4 0.0020506770664792933 0.9253191567979577 
7181.618041936771 19977.029567477748 10062.66405033334 5746.730125892931 0.004991241232935158 0.00967380694268202 0.7948694391914262 
7859.346827679702 19981.90154692754 8215.42586818929 5734.806525680681 0.0012982397818488065 8.333482598716658E-4 0.9874238485845893 
7672.379700580754 19566.87719730104 8728.386796276174 5744.77605681697 0.0012947529946577949 4.52215502631457E-4 0.9802592795868874 
221.9129434497063 14688.801495920543 314.2561518067014 5746.887355616345 0.00186965490127245 4.843529214586331E-4 0.8885397712191825 
16975.049209632347 19994.910143612677 8372.243242430486 5734.846503375818 8.511795010800652E-5 0.004953601212895886 0.9914463159867947 
154.76387175080467 19930.814424481403 2152.014623727636 5747.773873022799 0.001307616799869764 4.0859025029844377E-4 0.9812059228324366 
6889.484249381304 19886.585360254896 10549.41827453975 5746.848872133278 0.004992881426825443 5.168035586994706E-4 0.9848283336533724 
4974.781697482997 19836.176870789637 8024.547512086698 5746.0323540751415 9.983372224936689E-4 0.0033759990855302185 0.852754614320637 
19676.439486279865 19996.925809369503 17781.29139974001 5747.920569685198 0.0012792667962864945 0.0041555298137088015 0.9564087108017737 
89.26049088890852 16436.15936229754 19.687983175522476 5744.646692901373 0.001307616799869764 6.5720099059681E-4 0.8144549445562521 
14056.801654415565 19885.647471316646 7603.995498888835 5745.625799094866 0.0012669822941727314 0.0070724079270733705 0.8024826892689664 
19959.29422331691 19697.29863246241 12656.524194772326 5746.886381617729 7.984963605871093E-4 3.4055605356305893E-4 0.8874824030664843 
650.6391877228002 19955.263780131343 3169.9892179919616 5746.9771026163735 0.0014904065062674 0.0041555298137088015 0.9564087108017737 
7576.964090750543 19949.863152608305 10938.002145124907 5746.848872133278 0.0012557138548422793 4.8430911408788827E-4 0.9470477579030684 
154.76387175080467 19529.0810865569 302.0042831825358 5747.764880400189 0.001307616799869764 6.571782711656038E-4 0.9813049963294542 
14056.801654415565 19951.1598931272 8018.824889066028 5734.100105728024 0.0012669822941727314 9.961152835709691E-4 0.8537494815685446 
92.43413802105056 15828.221028548256 105.35715293177454 5746.125628827247 0.005148915553872247 0.0016327345760575433 0.9938773239722603 
14861.238111134006 19951.1598931272 8215.42586818929 5734.806711941253 8.17400224531134E-4 8.531378563711681E-4 0.8541826043832763 
2417.5834750139816 19788.940182972616 4611.713471306831 5772.710254662557 2.4264704086985375E-4 0.012939103357125361 0.8610478212548665 
2846.820863324574 19951.161009657306 8215.42586818929 5734.291233866603 0.004404837345129168 8.464480340905978E-4 0.8541826043832763 
19800.908923559422 19955.44990871435 18363.285857312818 5734.981557107548 7.780076378614728E-4 8.955424006068751E-4 0.9452575491144447 
19988.75100766733 19931.784498209836 17139.942282521348 5748.509425584401 0.0011183234388341449 0.0026576537383720036 0.874953612052236 
759.8673526498256 19995.804073123836 4611.713471306831 5771.6422025311185 2.4166622690783744E-4 0.00389772661241652 0.8614197930597917 
13464.901449132092 19476.52674764452 7995.636434341352 5734.918897341086 7.185632360805455E-5 1.6945598692149044E-4 0.8481748338861391 
154.76387175080467 19978.20785760661 228.64607919939 5747.764880400189 0.001307616799869764 6.571782711656038E-4 0.9813256196836944 
14020.317487915254 19951.1598931272 8215.42586818929 5734.79652823086 0.0030475826798041037 9.977567991791448E-4 0.8541826043832763 
14861.238111134006 19951.1598931272 8215.42586818929 5734.806525680681 8.060810629050769E-4 8.477272211649652E-4 0.8541826043832763 
1453.539913632341 13130.786180591622 103.91389873324371 5779.288240832167 0.005787083500842548 0.0012447193124626294 0.004274264842701492 
756.8240165824132 19996.925809369503 3169.9892179919616 5746.9771026163735 0.0014904065062674 0.0041555298137088015 0.9564087108017737 
16975.049209632347 19889.570556995914 8372.243242430486 5734.846503375818 7.156186172984453E-4 0.004953601212895886 0.991861853338054 
19963.574685999534 19728.312697239344 17934.736930608065 5681.430205856548 7.780113960799256E-4 0.0015282041620486558 0.9347402370463365 
5549.127715067641 19951.1598931272 7934.565405468047 5734.100105728024 0.004057927358144387 0.0015218019281058796 0.8537494815685446 
957.8802503313499 19892.7822469526 3656.1663019840666 5747.411183151746 7.798128166162585E-4 8.491082984300906E-4 0.8480360424013795 
6889.484249381304 19886.585360254896 11033.212282849927 5746.763057763909 0.004992881426825443 0.0028247813090388416 0.799531706489683 
1566.4227786875763 19886.718777417645 7124.669849785938 5734.973715748958 9.018240756192425E-4 0.0026347236987959315 0.8459501765742002 
963.1478143070636 19888.59630623435 2746.143594418609 5738.142891091474 8.241710161659317E-5 0.001198623127043481 0.004274264842701492 
957.8802503313499 19881.81606932133 3656.1663019840666 5779.275894279254 0.012469746501716452 8.491082984300906E-4 0.8480360424013795 
19800.908923559422 19955.44990871435 18363.285857312818 5735.114163530071 7.780076378614728E-4 4.476584226696061E-4 0.9695980859137793 
19871.45401940876 19886.585360254896 11033.212282849927 5746.763057763909 0.0013088998719018663 0.0030274079759690232 0.799531706489683 
19959.29422331691 19697.29863246241 12656.524194772326 5746.886381617729 7.984963605871093E-4 3.398503671562485E-4 0.7351609968621218 
19033.334255100814 19886.718777417645 8466.134163382656 5734.4969349703915 0.0021718440573538673 0.0036418824474493024 0.8464301785366786 
567.7251642744845 19886.718777417645 9446.249573845434 5734.4969349703915 0.00163988617844234 0.0011781733736814036 0.9007890758226418 
