2199.81175901569 10421.007661767242 368.28168768866215 5779.197790688584 0.005412371803178131 1.3517154031448056E-4 0.004910188302281732 
19931.880060105585 19998.741132291983 19970.80910032604 5733.670253912409 2.3361084738024018E-4 0.002872369533624839 0.9350688316769874 
172.9782816891443 14316.73505902888 630.7179320395263 5750.520174819426 0.005523636900824561 1.3517154031448056E-4 0.0045290910627755745 
2244.65342226438 10290.866489034575 382.93296119861 5780.884279825598 3.293629659002458E-5 1.3517154031448056E-4 0.004910188302281732 
2245.1232602433556 12222.500732702298 60.2910924988889 5779.197790688584 0.005424642181176021 1.3625944791987156E-4 0.004914525275904066 
644.504824926406 11920.226426322612 189.3196827166506 5779.385897506585 5.323528133963963E-4 1.3517154031448056E-4 0.004530821144654862 
2254.7965183340066 12317.096658282573 368.5994089534935 5779.191799512874 0.005477491155494873 5.6895227235056946E-5 0.004957687023234582 
134.15117222988448 13830.310076663018 5.713294430884741 5752.331409082718 1.7108109179507936E-5 1.3517154031448056E-4 0.0045290910627755745 
134.71237749487454 18672.53497770115 6.014167717673516 5779.095307541 3.930097089511437E-6 1.9675315848991697E-4 0.004530821144654862 
306.4450987732733 15289.405122266882 287.4944504194293 5742.091213924465 3.4992112616527094E-4 3.5815616087060296E-4 0.9946926907360443 
778.6798628943943 14186.593886296265 645.3692055494697 6022.477167934482 1.7108109179507936E-5 1.3517154031448056E-4 0.0045290910627755745 
2.284594719657207 14912.248476726778 390.60063057621437 5742.218981853559 0.015920291016696096 2.8174712770044977E-4 0.9167171161427128 
187.18175297809626 18672.53497770115 5314.515310672631 5722.197381029826 2.45561766018356E-5 2.2871851524027567E-4 0.004530821144654862 
2243.1114652964397 18672.53497770115 5343.451930944882 5722.197381029826 1.9626314936953484E-5 1.377971543001515E-4 0.004520754030782888 
502.15854444920114 19818.617622141257 5275.95174782052 5722.204163722734 2.45561766018356E-5 1.3629701815538956E-4 0.0045237650407572135 
117.97669953518789 19864.24284583541 6568.146894438054 5737.101453988005 1.6976542930725E-4 5.715821996481626E-4 0.9724199774652867 
62.38644196388839 19864.40644839228 1851.3308018706143 5720.292684079772 6.702608189490745E-4 3.057984210582416E-4 0.9690774728156903 
9431.741565505952 19889.711034115935 9072.908560812215 5745.6791379053175 1.6111988500823018E-4 2.965290511452504E-4 0.9462624599342232 
2441.6271010172236 19873.474052216145 5188.3450062134 5722.1944915445465 2.4158565615059416E-5 2.278989302339967E-4 0.004531095115732898 
2423.6448792740457 19841.10263269664 5328.8043212418515 5721.776868653229 1.9623484923282286E-5 2.278989302339967E-4 0.004530821144654862 
187.18175297809626 19841.10263269664 358.27407736694386 5779.185069246947 1.9623484923282286E-5 2.2871851524027567E-4 0.004530821144654862 
502.15854444920114 18672.53497770115 849.04889745733 5722.197381029826 2.45561766018356E-5 1.349318664592941E-4 0.004520754030782888 
2241.5536744436927 18672.53497770115 849.04889745733 5722.197381029826 1.6125250659767274E-5 1.3492851252869102E-4 0.004520754030782888 
17407.81527474987 19860.523199140905 9637.67219112941 5745.760445515593 0.0024398922940012616 0.003030276289166582 0.9745719327314204 
2199.81175901569 19649.19491143525 368.28168768866215 5779.197790688584 2.6862259258012174E-4 1.3755716683290563E-4 0.0045360172189784515 
19167.816102165198 19976.76729158106 18728.043461166344 5737.0377022317825 0.001991089519960495 0.0030931535793074848 0.8937430844450759 
10228.640765122906 19982.08086019815 7875.868089157173 5736.104747401311 0.0022742300173938758 0.0034831692656787953 0.8423131272597997 
3023.579792979752 19841.10263269664 834.4825918596152 5721.776868653229 1.6122420646096076E-5 2.250302884625366E-4 0.004530821144654862 
15936.944409659829 19943.383813237266 9949.781914622768 5738.854050128827 6.70443334669244E-4 0.003252088922830828 0.9968383776503071 
2294.218242124063 19864.292090460585 379.4979073475497 5720.292684079772 1.7829694891228565E-4 2.9670289317467645E-4 0.004828251706223086 
3992.761902589243 19923.254569361085 5163.155502084839 5738.437795601311 0.0014792459269102403 2.443641628906147E-4 0.9737700569496925 
19358.17176055736 19883.141252634065 13409.400963141556 5742.383965444439 0.0016222779535704879 0.01014797358432103 0.9668109270411347 
2185.0658477595666 19989.72920211962 973.7928185361928 5779.212899735436 5.144415871895338E-4 2.1826601178604684E-5 0.004935378823149398 
19272.962157869762 19938.44648199375 16793.767974973438 5722.46972604346 8.976262611280958E-4 0.0034475876404677203 0.9307306053572162 
19916.79809648578 19907.351715520417 14510.368645738952 5721.827309784785 2.3490990683504878E-4 2.4543378686097913E-5 0.9629367680444263 
19814.780850497827 19998.741132291983 13886.264732687088 5733.670253912409 2.3361084738024018E-4 0.002872369533624839 0.9680158255795687 
132.7970800906346 11923.0909975859 75.42609077352228 5779.385897506585 5.323528133963963E-4 1.3517154031448056E-4 0.004530821144654862 
2382.099843186144 19865.137333248913 7017.798324986739 5722.174995212663 1.740150684653853E-4 2.7954192027313587E-4 0.9254608122901948 
19921.252315191963 19993.49303543166 11741.785313975312 5777.721763721212 3.233682624633428E-4 7.150055064541114E-4 0.9899902462766926 
19927.438920059445 19978.110199573217 17515.652162569197 5736.826720509396 3.5016411220919314E-4 2.899578287927193E-4 0.7653696763097101 
502.15854444920114 18672.53497770115 569.8426353309465 5722.197381029826 2.45561766018356E-5 1.349318664592941E-4 0.004520754030782888 
19657.64965694678 19990.725488688055 7003.37969678256 5737.548612040759 6.489063070979969E-4 0.0032548001126731663 0.989409465111116 
502.15854444920114 18697.131678205842 40.8095651654171 5722.204163722734 6.082166963443858E-6 1.3570101823195103E-4 0.0045237650407572135 
19911.98300590383 19998.69113500272 15770.115989413884 5736.1023625371345 0.0016426644706799773 1.4598866481945979E-5 0.9787952790915656 
9431.741565505952 19991.114753828322 6746.370961498684 5745.6791379053175 6.758769106364442E-4 0.003466617992811498 0.9462624599342232 
9751.479485967275 19878.890833851972 7866.610778346564 5701.577015830873 0.0022647844157626853 0.0032511270189109916 0.9731752554673783 
305.40465182535615 15286.414404746261 116.49696329662339 5742.218981853559 0.015920291016696096 0.0029431977719062384 0.9167171161427128 
13406.62356493885 19987.361962915074 9457.100296989334 5737.548612040759 6.489063070979969E-4 0.0032548001126731663 0.9895111061576379 
19731.694297665323 19978.110199573217 17515.652162569197 5736.8364563488885 8.857985324771671E-5 2.899578287927193E-4 0.7654297999888319 
216.25339085547495 14186.593886296265 645.3692055494697 5752.206663956439 1.7108109179507936E-5 1.3517154031448056E-4 0.0045290910627755745 
8083.874198346091 19998.246909022622 6628.534245691988 5745.327838329322 3.143216915712616E-4 0.00338140450801978 0.9754433424384226 
19766.36096480684 19998.741132291983 15215.905965356222 5733.670253912409 2.3361084738024018E-4 0.002872369533624839 0.9680158255795687 
18030.274039815842 19860.95013161539 11624.774864746149 5750.745125176066 3.514468465798228E-4 0.0032452977940303973 0.767053464194362 
216.25339085547495 14186.593886296265 60.608021817138024 5752.206663956439 3.288289459900097E-5 1.313121350426695E-4 0.0045290910627755745 
10629.449587922554 19874.32816345367 9882.295226753055 5736.671472225523 0.0019132509659839055 1.8063446950054092E-4 0.9373002433477005 
13344.209994984383 19828.36953258046 9296.75520105031 5742.365059981927 8.830948820926553E-5 0.001412911408220056 0.9837293782387068 
19829.82321795158 19996.641096349656 18879.127034547226 5736.1023625371345 0.0015571491475017967 1.095192870007001E-5 0.8919112274897131 
172.52751688474655 14186.593886296265 60.608021817138024 5752.206663956439 3.288289459900097E-5 1.313121350426695E-4 0.0045290910627755745 
2296.372496988789 12209.351217344272 368.5994089534935 5779.190238191988 0.005477491155494873 5.168713700274066E-5 0.004957687023234582 
9826.004815065186 19944.274167209103 7021.294093925408 5736.806272339256 1.240764546062851E-4 8.04784618013202E-4 0.9898179797314236 
3017.880477984756 19917.48564022849 8109.502433116227 5719.874647058049 3.380666377195639E-4 0.0017866826435235534 0.9633522889524659 
8486.747430876705 19886.745344080653 6853.981614071481 5736.11957002446 0.0016038912014541289 0.0034719499713396053 0.9623906002055311 
19644.547392319633 19943.11600549513 17018.685944784298 5686.234682978702 5.586977239828455E-4 3.2376197816095023E-4 0.8955457794377402 
8644.083330860587 19997.48838154477 6948.022869848599 5718.992606762085 3.1734383707040983E-4 0.0032834070965190617 0.8965220012467104 
2666.2246692345093 19871.63805329147 8110.705304547827 5719.800195712467 1.4148153317054346E-4 0.002250844749507999 0.9633522889524659 
148.87440568087573 19873.93946527202 6981.221444989257 5722.161145636468 1.740150684653853E-4 2.8036150527941485E-4 0.9254608122901948 
8456.586770318914 19998.807452598394 11976.711655611194 5736.422681111736 0.0022756625228573797 0.003250109673817001 0.9977912311066793 
19608.71449582145 19996.641096349656 15670.053777695557 5736.1023625371345 0.0024105760251337412 1.4598866481945979E-5 0.9787952790915656 
18026.69232650911 19860.99155939417 9871.973355740054 5737.889587833029 0.0015017564837464968 0.0376460542956616 0.9966148438128216 
328.84430310324024 14186.593886296265 645.3692055494697 5752.206663956439 1.7108109179507936E-5 1.3517154031448056E-4 0.0041149484613112455 
11008.84584631099 19962.00768417903 8718.372549886108 5721.827309784785 3.333741318049181E-4 1.3623882114060224E-4 0.969411652996864 
19731.694297665323 19998.005610967863 6625.49894379285 5736.762645033647 8.857985324771671E-5 0.0033023676038481135 0.7654297999888319 
10973.39640254428 19885.831822760876 12102.23803284066 5737.07834941516 0.0019132509659839055 1.8063446950054092E-4 0.9373002433477005 
19998.11575829099 19998.741132291983 19387.23380475235 5733.670253912409 2.3361084738024018E-4 1.2283778433868297E-4 0.04395163416563125 
19192.380028347063 19976.76729158106 11665.10449786176 5737.0377022317825 3.313624456915183E-4 0.0030931535793074848 0.8937430844450759 
19843.57346158551 19941.708046274976 11579.927320155059 5737.021274725394 0.0019262174596033983 0.0032506601772860824 0.9698189220239446 
10633.020019372783 19993.492442668066 11635.09673575915 5737.629963167851 0.0019132509659839055 1.8063446950054092E-4 0.9373002433477005 
19598.81424037061 19425.178171533516 11594.453606448315 5736.1023625371345 0.0024105760251337412 4.745763525431583E-5 0.9915684560269552 
19911.98300590383 19980.363320408742 9566.501138439948 5736.104747401311 0.0016426644706799773 1.4598866481945979E-5 0.9786022352647102 
19664.33488200453 19972.531180432085 13539.264395676408 5721.744777522562 2.365333297858665E-4 3.3119738344551154E-5 0.9993029100409568 
7588.279838560304 19860.16159883442 6724.784231668526 5745.537957681622 3.143216915712616E-4 0.00338140450801978 0.946005997563965 
19927.438920059445 19980.287837624914 12366.685633856137 5737.061273247018 3.5016411220919314E-4 1.8224045334633044E-4 0.7653696763097101 
10751.525662365259 19874.32816345367 11942.532070129433 5736.671472225523 0.0019132509659839055 1.8063446950054092E-4 0.9373002433477005 
2695.806818737662 19935.97868616036 7237.150703637354 5722.176874713056 1.8749710831248418E-4 2.148669419917309E-4 0.9473618653224302 
19519.72364375541 19866.064015608943 12743.552986629269 5736.246893942089 0.0023924513559901574 0.0024976114346966 0.9977043979210641 
19814.780850497827 19998.741132291983 19970.80910032604 5733.670253912409 2.3361084738024018E-4 0.002872369533624839 0.9350688316769874 
9855.626117861571 19920.910847241845 9871.948975589416 5780.540715262307 0.0023524151545515695 0.0033858754534203265 0.9792525773357086 
19272.962157869762 19938.446742981665 11347.106771655082 5722.7464474551825 5.633854694986186E-4 0.0034475876404677203 0.9307306053572162 
11008.84584631099 19962.00768417903 8718.372549886108 5721.827309784785 3.333741318049181E-4 1.3623882114060224E-4 0.9694417819263057 
91.8097229229179 19936.244530618867 7302.066884304604 5722.176874713056 6.708742239516833E-4 2.2931915423511425E-4 0.9690769024623341 
88.90882825428568 15289.405122266882 287.4944504194293 5742.091213924465 3.4992112616527094E-4 3.7387226040533225E-4 0.9946926907360443 
19916.79809648578 19887.177949019406 13633.248021790874 5721.827309784785 2.3490990683504878E-4 2.4543378686097913E-5 0.969411652996864 
10772.141699505477 19874.32816345367 6891.543727127204 5736.671472225523 0.0019132509659839055 1.3411542261516896E-4 0.9374127674626241 
19743.02611948779 19865.137333248913 19572.365132062463 5723.371770272187 1.8026644204962536E-4 2.7954192027313587E-4 0.9249265877482927 
10865.141646455591 19898.61671498344 10054.209959248505 5778.840637141267 0.002245883504879098 0.003447996760430806 0.9952918647229796 
134.15117222988448 13830.310076663018 5.713294430884741 5752.331409082718 1.7108109179507936E-5 1.3517154031448056E-4 0.0045290910627755745 
5093.078775159223 19865.130939107567 7233.67656502456 5720.274473306523 1.740150684653853E-4 2.8222869714500317E-4 0.9254608122901948 
10865.141646455591 19898.61671498344 10130.42406935319 5778.840637141267 0.002245883504879098 0.0034185648044197715 0.9952918647229796 
107.27509558025025 19981.09627446174 6568.146894438054 5737.694031067445 0.0015815249513983854 5.738133339035152E-4 0.9724199774652867 
19644.547392319633 19943.11600549513 17018.685944784298 5686.234682978702 5.586977239828455E-4 3.2376197816095023E-4 0.9286671520959187 
