19951.389553835757 19995.943168997932 19953.498223557934 5725.2461643461165 0.0037687007614251593 0.0024289518812441804 0.8034605255153495 
110.03522556958295 11036.32107537791 7.269220968905515 5778.513848970356 0.8654499040425883 0.002856106979756118 0.821720484021269 
19951.389553835757 19995.13561042079 19953.498223557934 5725.2461643461165 0.0037022826995199614 0.0024289518812441804 0.976458240723667 
68.76588409320821 14119.28879441121 109.03021916094985 5782.74373962708 0.7940567919413822 0.002707472019621646 0.9360381171937837 
6.417198919243186 11855.455767022042 0.8220772136128645 5773.966402432362 0.016833557972054103 0.00238971823216264 0.8222608768224359 
10090.094679995796 19995.90515222015 8067.725977140688 5725.965657335024 0.004454109288066641 1.7606802658275003E-5 0.9926518341403304 
34.541864770809994 12654.432705803087 6.944339934465793 5778.513848970356 0.8654499040425883 0.0011362191398027774 0.821720484021269 
284.0899878059067 11049.250381365728 7.269220968905515 5778.513848970356 0.8654499040425883 0.002856106979756118 0.821720484021269 
90.8923401717087 11944.830251395284 7.269220968905515 5778.513848970356 0.845437847540431 0.002856106979756118 0.8074657340704411 
11726.435061793634 19707.184255438464 8889.644788371614 5704.243591724883 8.756766757877037E-4 0.0027425562412008633 0.9591103468524552 
10090.094679995796 19995.905143299406 6531.91068093949 5725.965657335024 5.95691723401879E-4 7.292538890914246E-5 0.9926494219396128 
19392.798817340554 19998.578556904406 17563.923336423544 5775.4635045794 0.001673774547599698 0.0024433234506001256 0.6711266459294263 
24.2393668124497 12668.284234744457 0.6883029624421013 5774.121013191524 0.8309292082538793 0.0024197268212426994 0.9224787409250998 
272.3290176424519 11944.830251395284 7.269220968905515 5778.513848970356 0.845437847540431 0.002856106979756118 0.8072165724748337 
11833.150620218252 19995.703654390625 8955.053825430628 5725.2461643461165 0.0037008333052586054 0.0024289518812441804 0.8034605255153495 
260.57628137261736 19967.48373416008 9683.337053273553 5726.701638198649 3.255050148556426E-5 0.0025168474904013745 0.98374387175635 
19488.945447609934 19999.69493916367 15664.657619618425 5706.0714479327535 0.00485914019496657 8.081626170266122E-4 0.78379542904127 
11705.184806703317 19952.40027844975 10220.28235605426 5726.2607048807085 9.436262479743836E-5 0.0042541179995816535 0.9988111927359773 
746.0110418500899 19998.536616087214 890.562295706547 5724.9168779822685 6.205751940182846E-4 3.1897755210473066E-5 0.8911536707746216 
19999.378673257925 19999.65661761853 16203.098365234036 5708.586789562682 6.118842528493231E-4 1.1936190645600673E-4 0.9251373839171972 
14.019547766943184 19963.132825186058 516.5752916818988 5791.41032958382 2.5738791554789627E-5 7.802954156816556E-4 0.9617757735767691 
19418.548018797977 19996.99792238529 11073.39987131326 5786.1768495167025 8.879659466652064E-4 5.394022109526876E-4 0.892882828783654 
19803.617084560126 19969.49773355602 18224.228750502734 5724.43065405854 0.0047544064188128525 0.0024436869915889278 0.9907707006608899 
69.44593319380604 18448.751573481146 69.19031636218506 5787.354517561823 3.7321568798854193E-4 0.002715610448200605 0.93602142953081 
6.441814554494684 12419.985638254677 1.2776584762389902 5773.966402432362 0.016833557972054103 0.0017817140891183431 0.838611615904199 
19884.38618723401 19995.148205509937 14187.100820160682 5784.775384988506 0.004202040686852534 0.0024749382284589934 0.9246786487415158 
3840.8515289182355 19995.90413550123 6510.0505969395845 5727.86460728844 5.355838458667362E-4 0.0011185695465466376 0.9912299828397472 
14.019547766943184 15712.704980825903 516.5752916818988 5749.18245349728 2.5738791554789627E-5 7.802954156816556E-4 0.9617757735767691 
144.50875751180575 19998.957913440012 3273.307753757424 5782.047570000842 7.391246064372051E-4 0.002496220147779004 0.8731526331588563 
19920.735422661943 19787.127594570204 9565.58087660273 5786.126192667061 0.0037327959882613904 1.077243401386525E-5 0.9983796061589396 
19605.72382476877 19848.170967856655 12223.681170898304 5777.925065148714 6.456135116454014E-4 0.0033741314272470566 0.9236914498817355 
70.68757491405455 15569.147680011027 129.96272719368318 5776.690550142368 0.011181256306610283 0.004368927067181373 0.9918469091607174 
19380.86254215398 19999.377094847434 13770.524192875691 5706.0714479327535 0.00485914019496657 8.353341579043919E-4 0.78379542904127 
19227.530261605545 19989.93386176477 8901.471481943445 5778.515102755814 6.619516166640055E-4 0.0027525864674135757 0.8388785244173775 
11705.184806703317 19995.90586858272 10492.667963404476 5726.2607048807085 9.436262479743836E-5 0.0042541179995816535 0.9988111927359773 
234.21618480000095 13663.25278127267 1.661785268584591 5782.357231915696 0.002838500271237778 0.00387382542241248 0.9710397540855186 
145.29699751775422 16927.629820447983 1290.0634251083707 5727.346031816687 2.723309754266213E-4 0.002496526874667416 0.9706694532443207 
19914.12642204829 19967.97934866589 10073.007154250403 5725.226885585271 0.002419018570121767 0.0036769789494242094 0.7962590507713241 
19615.315375947597 19691.046267349946 11914.378486144655 5777.925065148714 4.105128512372422E-4 0.00334483513434038 0.9236914498817355 
2691.1022971862076 19958.82397919614 3785.5005579985727 5782.374298155974 0.0014087368691149277 0.0022244110555458612 0.7851260229818253 
5080.709055867816 19707.184255438464 7689.191957165937 5704.243591724883 0.0023130674410641807 0.0027425562412008633 0.8894721427395359 
158.9528845851347 19983.7516152318 4061.218591397082 5784.948831018667 2.0932359839034528E-5 0.004393532353538493 0.9624708422867593 
94.57925388331319 17018.11584821313 76.3911528194908 5782.15812205988 0.002498441338510706 0.0018714328511435464 0.805105222040693 
135.31645193449577 18718.25784567351 4219.112513944725 5787.205842133074 2.3438320726883915E-4 0.002235708167072425 0.9630554055813598 
5.41366678290658 14154.848710088285 1.73265908232765 5782.817274274898 0.8229785326624491 0.002707472019621646 0.9390535166839505 
127.84774576061855 15205.751285087481 0.2351851901624249 5787.14891750805 3.8439559033553647E-4 0.0026395558065087834 0.9466313145893105 
26.75702968155785 13579.459934384224 1.919536884730249 5784.790611847402 0.850173940108512 0.00403345005760482 0.953710578045179 
59.15477995952821 12701.376117414959 1.2708687963500027 5773.961470732633 0.01789322659556486 5.094123213781079E-4 0.9536898558144421 
4885.883698130204 19995.90515222015 8950.007311726593 5725.861451341097 0.004520651773426651 1.7606802658275003E-5 0.7738336268741315 
218.99854210114552 11862.782719618082 1.3942790247008947 5778.548365808848 0.016833557972054103 0.00238527918980919 0.7510815003511503 
4469.253006365687 19997.71950824865 9780.095468074247 5784.97927488171 8.566221797172144E-4 0.004349941489598313 0.9193598108404059 
3600.89857174135 19999.808218144113 6234.656745637483 5727.86460728844 0.004501309281241936 0.0011185695465466376 0.9912299828397472 
19415.943295070058 19980.70243746073 7847.37215244168 5706.637942653084 0.004448899459867653 8.32064905511233E-4 0.7699721389462862 
27.006506411276842 13036.675789479217 1.2287358210079329 5784.706574404241 0.8501752310723819 0.00403345005760482 0.9490265582136335 
14.019547766943184 16174.318609547314 516.5752916818988 5749.18245349728 9.01333481776183E-6 0.002487107232637253 0.9617757735767691 
271.03288725979644 13626.165321145383 35.579638851542086 5785.896894130502 0.7877785562039217 0.00403345005760482 0.9539367397471847 
4985.882749991085 19715.358232852654 8971.097488042971 5704.243591724883 0.0015903993323179517 0.0030892638295332785 0.7803876700688336 
9.66102754748971 14525.070550877455 1.3942790247008947 5778.643552598548 0.017341184214114753 0.002389525246604548 0.7510815003511503 
582.4899532266845 13036.675789479217 1.919536884730249 5785.471851597045 0.8502719313422931 0.004031896216082793 0.9501349178291857 
14333.344581653273 19968.024648044844 9642.911707208461 5725.29351745674 0.003839776141708699 8.76157610097926E-5 0.9588566029400714 
19552.326777190596 19998.34136994279 16091.867019564292 5711.022185723496 1.64806062995118E-4 1.1936190645600673E-4 0.9424109936832946 
17.59386195021797 14758.676048290827 0.2351851901624249 5787.14891750805 3.8439559033553647E-4 0.0026395558065087834 0.9580825404059311 
5261.401924044579 19990.640802608956 7853.345567462544 5724.9168779822685 3.2679417515782795E-4 0.0010733320189000566 0.8959676727055133 
6.400603367969308 17701.942371071476 76.3911528194908 5773.620253744475 0.002498441338510706 0.0021594315231312287 0.7949839472559157 
49.316519766270716 19854.046155885553 4009.9835559150306 5785.64605570392 2.0932359839034528E-5 0.002613937206357043 0.9624708422867593 
843.3936244694762 19991.247161940668 6221.400859584977 5724.9168779822685 0.001940041287012394 4.017870737888092E-4 0.9515924767469318 
19760.240173333143 19995.148205509937 14083.723885132411 5784.371043163613 0.004335702588987472 0.002476096870578653 0.9246786487415158 
9.737141897149364 14286.545363029232 73.11622527422153 5782.11493582483 2.0406468486219983E-4 0.0023589729276797516 0.9252164143582391 
18787.080583681625 19658.643069839796 14045.918043912961 5707.82390270156 4.570747665590827E-4 0.002506472388845175 0.9748992650539151 
14796.668193638712 19909.46347168075 10220.28235605426 5726.2607048807085 1.7802326591395841E-4 0.004737293218186046 0.832222882873989 
6.441814554494684 13620.20809947046 1.2776584762389902 5774.116247732326 0.016833557972054103 0.00238971823216264 0.839350521795817 
75.51020748202939 19998.48620776261 4778.1630302225985 5788.693911674715 1.79683476190627E-4 0.0025424846045378566 0.9727703986092224 
13.627665303261438 15041.990906418185 129.96272719368318 5776.709271065158 0.017209813942088408 0.004368927067181373 0.9928635398340955 
347.4053778022003 19605.438634881986 6688.401482048503 5777.322015293719 2.723309754266213E-4 0.004358660781061081 0.9633346455445427 
62.9060796475228 19996.249606458587 7853.345567462544 5724.9168779822685 3.2679417515782795E-4 0.0024810324135417904 0.8827417517418243 
218.12884625651617 19821.28767917286 1.3942790247008947 5778.6216635820365 0.016702077676250586 0.002469566010493567 0.7492852889058015 
442.72540678808764 19699.966961314196 8197.688876859234 5721.886669238283 3.6600555165327165E-4 0.0025150267224502898 0.8879510722643563 
18787.080583681625 19689.606554035778 13770.524192875691 5707.82390270156 0.004421749068103763 0.002506472388845175 0.9736938409235301 
19914.89597043377 19999.718556707776 18793.4697315231 5725.2461643461165 0.003847145174929045 0.0036302336733674613 0.8034605255153495 
19764.91122901568 19996.24088071147 9761.308173273534 5782.238339911429 0.004335702588987472 0.00248551728526669 0.9536584335851395 
14592.194513835298 19909.46347168075 10220.28235605426 5726.2607048807085 9.436262479743836E-5 0.004242486894652888 0.832222882873989 
105.91708174496117 19699.966961314196 7525.315067448721 5784.676061210288 8.570580179297729E-4 0.0025150267224502898 0.8902683331201284 
19914.89597043377 19995.91734391924 18634.461539897093 5725.2461643461165 0.0038224032395131513 0.003670951319667535 0.8034605255153495 
45.72998870618048 16927.629820447983 566.5200569707712 5727.346031816687 2.7829528649082734E-4 0.002515742013174197 0.9630819567655642 
219.1761653455507 13718.713165522831 1.394133255232993 5778.480460131618 0.017210412445212743 0.00238527918980919 0.735378438678282 
69.44593319380604 18448.751573481146 546.275927445764 5787.354517561823 3.7917999905274797E-4 0.0027056708374864425 0.93602142953081 
6.047205226359711 13124.59811599245 25.798885452593822 5773.842980767217 0.014695877136087186 0.00104702666477665 0.95120945584049 
442.72540678808764 19699.966961314196 7525.315067448721 5721.886669238283 8.570580179297729E-4 0.0025150267224502898 0.8902683331201284 
14.019547766943184 16067.493908636414 516.5752916818988 5787.077717298454 8.838912311610941E-4 7.802954156816556E-4 0.8918953316942738 
19851.84372350621 19952.62551644268 19998.687271550956 5726.2607048807085 1.7832823837015755E-4 0.0042541179995816535 0.9988111927359773 
102.39655075590912 19998.48620776261 4778.1630302225985 5787.111439628065 1.79683476190627E-4 0.0025424846045378566 0.9727703986092224 
14506.229553359635 19968.024648044844 9662.02775945763 5725.29351745674 0.0025847106045902924 0.003072002788313229 0.8883871032726343 
69.44593319380604 18589.059264059975 541.3879089409786 5787.354517561823 3.8256292590290266E-4 0.008652792557541627 0.9383386903865764 
53.96890344073522 18847.69748990913 3258.2639306793917 5780.8640871733405 2.3351682435460895E-4 0.0047774602796105394 0.9636254303366885 
229.70253413732814 12717.561616187071 49.67410010493995 5784.758069480549 0.850173940108512 0.003911547582933132 0.9538706603559217 
19415.943295070058 19906.73856296172 8194.970048183772 5706.637942653084 0.004448899459867653 8.32064905511233E-4 0.7699721389462862 
416.50259727258197 13036.675789479217 1.919536884730249 5784.707808986468 0.8502719313422931 0.0040187560263891834 0.9536604404019786 
53.66183722186908 19077.67944274109 337.23483843744725 5782.132703503505 0.003701841970859393 0.004241666509103658 0.9238541539911737 
8.090107287073884 19314.02649461936 3278.976255177621 5782.047570000842 0.01701302894386876 0.0025253748969999473 0.8655649151343057 
19951.389553835757 19995.943168997932 19304.737526157558 5725.2461643461165 0.003790337300837482 0.0042519112053134005 0.9959322879616795 
