1.644 29109.0 
12.132 13254.0 
1.644 29109.0 
5.558 14122.0 
9.603 13899.0 
10.036 13701.0 
3.116 16980.0 
10.891 13397.0 
10.729 13686.0 
11.501 13388.0 
3.087 17775.0 
4.201 15119.0 
9.629 13884.0 
2.193 22188.0 
3.821 15288.0 
3.294 16402.0 
2.195 21571.0 
3.618 15949.0 
4.252 14716.0 
4.472 14707.0 
5.19 14145.0 
1.861 25164.0 
11.895 13316.0 
2.315 21235.0 
3.393 16155.0 
4.992 14351.0 
2.903 18315.0 
1.652 28941.0 
4.8 14514.0 
3.803 15320.0 
2.281 21519.0 
2.444 20138.0 
3.702 15666.0 
5.108 14191.0 
2.8 18616.0 
4.243 15046.0 
2.782 18834.0 
1.829 25504.0 
1.697 27748.0 
5.485 14140.0 
1.883 24970.0 
2.845 18432.0 
4.917 14457.0 
2.348 21049.0 
2.093 22932.0 
2.145 22529.0 
1.937 24344.0 
3.02 17863.0 
1.818 25755.0 
12.059 13276.0 
2.016 23788.0 
2.411 20762.0 
2.17 22312.0 
3.7 15673.0 
1.991 23934.0 
4.575 14544.0 
2.964 18066.0 
2.441 20471.0 
3.555 16140.0 
3.287 16750.0 
1.662 28591.0 
1.898 24761.0 
1.706 27511.0 
2.589 19709.0 
4.607 14519.0 
2.061 23207.0 
11.532 13372.0 
2.124 22680.0 
3.228 16820.0 
10.762 13482.0 
1.686 27945.0 
1.677 28274.0 
1.717 27209.0 
2.735 18990.0 
1.777 26261.0 
1.797 25986.0 
1.672 28361.0 
1.712 27394.0 
1.908 24630.0 
11.711 13342.0 
2.535 19900.0 
1.762 26494.0 
2.111 22841.0 
2.671 18997.0 
11.711 13342.0 
2.046 23338.0 
2.428 20526.0 
2.974 18036.0 
1.738 26916.0 
2.669 19188.0 
10.792 13431.0 
2.66 19271.0 
1.964 24107.0 
2.62 19552.0 
2.571 19852.0 
1.755 26770.0 
1.825 25574.0 
2.021 23560.0 
1.799 25964.0 
3.498 16150.0 
