5.941 15091.0 
1.639 29125.0 
5.941 15091.0 
5.579 15097.0 
5.293 15151.0 
2.668 19212.0 
5.541 15126.0 
2.75 18847.0 
4.639 15482.0 
1.766 26366.0 
2.154 22501.0 
4.375 15605.0 
2.026 23537.0 
3.155 17524.0 
1.992 23809.0 
3.338 17091.0 
3.469 16809.0 
1.664 28486.0 
2.194 22146.0 
4.012 15959.0 
1.797 25889.0 
4.478 15497.0 
1.85 25231.0 
4.143 15833.0 
2.604 19563.0 
2.07 23139.0 
3.669 16425.0 
2.897 18377.0 
2.629 19417.0 
1.745 26757.0 
1.693 27990.0 
3.869 16132.0 
4.776 15322.0 
1.657 28720.0 
3.568 16639.0 
2.509 20067.0 
2.398 20670.0 
2.992 17973.0 
1.943 24377.0 
4.711 15390.0 
1.814 25656.0 
3.772 16272.0 
3.264 17252.0 
3.772 16272.0 
2.281 21527.0 
1.706 27391.0 
2.243 21842.0 
2.305 21299.0 
1.649 28943.0 
2.267 21639.0 
2.475 20293.0 
2.342 21107.0 
1.969 24016.0 
3.203 17399.0 
4.412 15549.0 
5.19 15179.0 
4.252 15710.0 
2.931 18170.0 
4.965 15251.0 
2.551 19902.0 
4.89 15305.0 
1.698 27705.0 
2.094 22921.0 
1.74 26806.0 
4.204 15735.0 
2.366 20920.0 
1.674 28165.0 
2.795 18739.0 
2.828 18488.0 
1.731 27090.0 
5.091 15205.0 
2.799 18639.0 
2.393 20899.0 
3.055 17787.0 
2.226 21957.0 
1.814 25656.0 
5.057 15214.0 
1.701 27633.0 
3.389 17005.0 
2.844 18418.0 
3.007 17932.0 
1.719 27231.0 
3.934 16038.0 
1.784 26123.0 
2.429 20526.0 
2.337 21262.0 
2.931 18170.0 
3.569 16634.0 
3.882 16110.0 
2.046 23310.0 
4.067 15887.0 
1.852 25224.0 
2.462 20352.0 
2.534 19987.0 
4.076 15864.0 
1.78 26159.0 
1.893 24933.0 
3.045 17812.0 
3.055 17787.0 
2.21 22085.0 
