41.532266049289916 12262.092624600555 0.5454491022934516 5765.321855533966 0.4514577899173949 0.001526902400359371 0.9457956497367255 
19769.885228551524 19975.83344619473 19429.899676447385 5763.892139871534 0.004272114859491383 2.3744056112197333E-4 0.9611246954417884 
43.916943866931945 12258.786300050868 19.776538548069215 5764.412224980074 0.02196166949732703 0.002631611833813113 0.9092229483347184 
67.54657112066506 13610.611923186105 84.75739069302622 5764.404990704829 0.3588854559492728 0.001694796441083551 0.9626585033795141 
179.74822020007923 15166.308594956055 26.054301316367855 5763.798289957777 8.561443501583586E-4 8.684709563466079E-4 0.8290283846700031 
230.46065597827317 16172.988222440215 26.054301316367855 5748.153047488804 8.561443501583586E-4 0.0023980804373455377 0.8290985515926164 
179.79269118265952 13280.36251816094 50.49900968226668 5764.3909181777035 0.4440228719444882 6.72923092541087E-5 0.9634228811584141 
7.156110119935141 13538.013948132311 0.2065041011803732 5764.419843037165 0.3599419980271955 1.2241174554478206E-5 0.9629385679516396 
19574.762776697564 19796.84652640923 8889.228106699531 5754.082865416583 3.844459560026946E-4 0.0025714850505257256 0.9634380338297428 
7.156110119935141 12148.782061755119 0.2065041011803732 5765.334330613603 0.3599419980271955 8.980785213052815E-4 0.9610970447898705 
1427.6938107657215 19371.0373540148 1673.4401071811271 5764.6745769136705 6.6683121863875E-5 0.0024943044832943808 0.9500546938588809 
244.3598715825758 12262.092624600555 0.02864796680903936 5765.344080980555 0.4462384494465659 8.785552291240418E-4 0.9454341733203124 
19600.751205281827 19973.538100132228 15181.759823104436 5764.413617498747 0.0014990493923293716 0.0026932516539782663 0.9450486426334819 
14998.005764315456 19977.432661437462 10632.036960055579 5827.96895350618 6.412006159249167E-4 0.0023085204506671777 0.797927278558553 
2328.549422276324 19887.83596584063 6169.063093617529 5748.606693050352 2.151164181886522E-4 0.002437767821538812 0.9797638314308493 
17702.28845217592 19977.13078640323 13737.752862925812 5747.786152003912 0.002439479139315844 0.0019987121130559168 0.8908549303422493 
135.17804117888323 17108.321303974546 37.72821116235764 5764.489968405798 2.291573556095338E-4 0.0011234385682114079 0.9442373356879832 
5475.042684934682 19967.24553843939 8021.8972059767375 5723.574109282752 2.853078330520431E-4 1.6896105727607844E-4 0.9449854444324005 
192.17130412401576 19938.42209974952 4518.360779250836 5763.572901177332 9.280135648411872E-4 0.002468681163869941 0.9627785679234421 
13997.719890249871 19802.438187243195 8791.55576406412 5764.6547967570605 0.00256542963161813 0.002351057372307776 0.7276732298615326 
7350.38845662065 19977.056480758325 8842.479792065302 5724.61201799338 5.515580028580576E-6 0.0014746394535777958 0.8554032776823985 
18197.32121593311 19800.28727335976 14294.103223599917 5747.897229154146 2.93336459882006E-4 0.0023724907549040955 0.919898287455669 
19121.188360628865 19975.38634706215 16203.255182722722 5763.992511160474 0.0014990493923293716 0.0025885070827010117 0.909945300587433 
239.6375348247426 19978.500503554827 8949.21257573778 5764.830235417847 1.9411883800279136E-4 4.4247893582802754E-4 0.9369056426257621 
833.4132357610652 19967.757633933328 762.9463448223923 5763.739913629005 3.9261549006519916E-4 8.795571017790511E-4 0.9598416343970442 
537.5783434181758 19797.095490354757 8019.671318577744 5767.393043574098 0.001102840491034728 0.0024179757732029628 0.9535158498593169 
5724.63319217485 19965.841532212355 8329.50019309821 5723.574109282752 2.853078330520431E-4 4.121838811303388E-5 0.9605041890559218 
105.97794285676792 18188.39426995828 7.050158320890098 5773.043362005598 3.4598418976688507E-4 4.1381355099458315E-4 0.9509702891369497 
834.5966488084102 12262.092624600555 0.08727719497028374 5764.758180078068 0.3599419980271955 8.785552291240418E-4 0.962936595030579 
188.55177591080997 19052.11940844215 19.269645238884884 5765.067955674778 2.442673163256272E-5 0.0023467016852119402 0.9381687534833496 
6408.304291253977 19881.800942536283 8569.007804482839 5767.054957397317 3.3586713867855253E-4 0.00244405167020115 0.9736621345458822 
2328.549422276324 19967.757633933328 8316.150076612099 5748.355905272344 2.151164181886522E-4 0.0024084264567155083 0.9780328528254185 
17768.841627219725 19793.49806001679 12919.325061190959 5747.466259691922 3.844459560026946E-4 0.0025714850505257256 0.9189514061540875 
810.7563114491095 19795.693740056417 8327.274305699217 5749.685119524136 0.002444070199337069 0.0024179757732029628 0.8894331120336052 
19769.885228551524 19975.83344619473 14266.966640980365 5763.981736393626 0.004272114859491383 2.6304337281257803E-4 0.921362993496629 
12.308555742541628 12262.092624600555 101.22637541985478 5764.786384495748 0.3599419980271955 0.0023560310878041274 0.9879300713049695 
645.8393922083508 19775.247415643258 5285.016527643536 5753.755937305772 0.0032837457519562293 4.156811108360116E-4 0.9180689171556572 
203.12200725022024 12258.786300050868 14.781030703902244 5764.412224980074 0.011833783585630253 0.0026216623880013913 0.9285578251008549 
17166.64317725386 19956.54243395091 13372.793892554142 5856.561427343877 0.001455099947020168 0.0013116754081555913 0.8321247659000806 
11629.761080743443 19979.932441043424 8935.464802156881 5771.407906597839 2.4525512922816884E-5 2.4555584128464763E-4 0.9887438189162837 
15030.053707384215 19833.070028213693 10158.27768458128 5763.253383687255 3.129822916011945E-5 0.002423621117922476 0.9473429482735246 
184.20963213664805 19052.11940844215 3573.5188597236975 5765.0145433863945 2.442673163256272E-5 0.002384696720248949 0.9382406154965788 
7300.7112131828535 19535.564825323803 6568.476732490844 5764.207712949644 0.0025017898596545306 0.0016126776934101096 0.9838418164484869 
270.1266298325218 19775.247415643258 5309.468470946267 5754.151256247576 0.0032837457519562293 4.156811108360116E-4 0.9180689171556572 
15030.053707384215 19997.91813472902 9056.41480458439 5763.253383687255 9.098392204626919E-4 0.002424093441070421 0.9479835891403814 
19769.885228551524 19975.83344619473 16951.754596022518 5763.981736393626 0.004272114859491383 2.4735900838977515E-4 0.9846054529706318 
69.25538361824158 12627.745573850294 19.415669979290655 5764.412224980074 0.0069926611646156794 0.0010052046569831575 0.9092229483347184 
821.0780731949709 17346.290601260658 19.221051755810578 5745.615185518489 3.4598418976688507E-4 4.1381355099458315E-4 0.9891089520177562 
69.57882468328054 14752.180624002705 8.37473054848715 5763.802949262893 8.561443501583586E-4 8.684709563466079E-4 0.828219308508147 
7375.719883929462 19954.9101081921 6170.445575825339 5724.772588337857 0.0026491462021553365 0.0015296968900269554 0.9730380118643446 
555.9060867156614 12725.440631379824 20.58289646288742 5764.412236885536 0.01049557447722683 0.0024470345087827016 0.9508968807207663 
514.8962669214015 18402.180806910957 19.415669979290655 5764.412224980074 0.02196166949732703 0.002631611833813113 0.9092229483347184 
834.8474752904528 17346.290601260658 19.221051755810578 5745.615185518489 3.4598418976688507E-4 4.1381355099458315E-4 0.9822761774771636 
19757.957015444706 19977.056480758325 18034.384217714483 5764.721841622493 2.930230100228752E-4 0.002700254367074965 0.8949497916936373 
14.99150316680226 19951.020601639266 836.7267740570411 5745.615185518489 2.966621546482952E-4 0.0024517270635489048 0.9502121510583645 
19236.24326965773 19990.163429143908 18001.332589923677 5747.713105587956 3.253174295629361E-4 0.0024219922520773815 0.9833223919145805 
8961.841404478526 19977.056480758325 9081.793132169263 5806.275627823551 2.930230100228752E-4 0.0027019328476303823 0.8956634887326719 
195.11580973333747 19629.283334544456 14.694864846713664 5765.052658593301 0.00567499471081535 0.0024321033702691544 0.9384595733570714 
19603.089759061986 19993.84683769582 18782.541061565807 5770.072964985872 4.080849172391908E-4 0.004104599715600043 0.9617425492389415 
18539.330477747142 19884.21886060035 10102.150649094703 5759.556494192397 0.004609861067596456 4.4438208477736135E-4 0.9488800220509833 
8777.176272048111 19993.040099657657 8966.129009689055 5806.545569080357 4.4564087217378845E-4 0.002826473305967166 0.9393590880879177 
985.3985001710516 19981.17780659658 6335.372775117728 5723.574109282752 2.1792691386399166E-6 2.4816731742944935E-4 0.9449854444324005 
647.4731697615563 19889.92075536854 6169.063093617529 5753.731327793727 2.845237219085677E-4 0.002456929256702443 0.9810877204309616 
105.97794285676792 18097.54891649568 836.7267740570411 5745.615185518489 3.4598418976688507E-4 1.7840755236987835E-4 0.9502121510583645 
14.99150316680226 19951.020601639266 603.6379065339215 5745.8263115805585 0.001081212307437322 5.351911932567698E-4 0.9502121510583645 
69.57882468328054 14752.180624002705 2.4230162613625517 5763.802949262893 8.561443501583586E-4 8.684709563466079E-4 0.828219308508147 
19600.751205281827 19854.25495437127 10113.93839888143 5764.413617498747 0.0014990493923293716 0.002436537800739424 0.9619848364182021 
14657.552823519874 19802.438187243195 8885.380517768848 5764.6547967570605 0.00256542963161813 0.002351057372307776 0.9699588649489812 
179.74822020007923 13722.392309756418 26.054301316367855 5763.798289957777 8.561443501583586E-4 8.684709563466079E-4 0.8290283846700031 
16.011588831087465 13267.772794562983 73.33180157407958 5764.771976605522 0.00572420653720887 0.0024323963900611204 0.9278314222663835 
19830.633969848783 19994.433751797533 16180.178987637952 5764.404990704829 0.003999407106756454 0.0024074769613551734 0.9634228811584141 
15.058660949018542 13618.62641173273 73.2952728002961 5764.40026664218 0.00572420653720887 0.0024323963900611204 0.9621993419607074 
834.8474752904528 16263.336789417746 19.221051755810578 5745.615185518489 3.4598418976688507E-4 4.1381355099458315E-4 0.950225773507963 
19352.158482274328 19999.07539413544 13776.371269985273 5764.236242449163 3.1653884912147463E-4 2.3468171156404893E-4 0.810947772888566 
19326.9561620353 19975.974643268582 10774.313310503469 5764.410409428967 0.004300421504434597 0.002574393281337106 0.9634567283799891 
14356.877618515002 19997.91813472902 9026.597037093978 5764.795064812 9.098392204626919E-4 8.104935774186663E-4 0.8030354149936887 
19337.58537955901 19979.663109124896 17486.00320471826 5747.713105587956 3.253174295629361E-4 0.0024147167426547766 0.9833223919145805 
18529.6455354064 19884.21886060035 10190.810365225861 5764.460009556942 1.1685164305087021E-4 4.4438208477736135E-4 0.8098708130589364 
70.84867055819403 14124.798841432523 6.739649167753964 5773.453030698799 3.592175331530191E-5 0.008551900576832076 0.9983113629153564 
3.1156093465554164 14345.320011625825 60.79599988024066 5763.778625589931 0.004334156528105429 0.0023632824604585124 0.9371389721265073 
7.156110119935141 12262.092624600555 0.2065041011803732 5765.334330613603 0.3599419980271955 8.980785213052815E-4 0.962936595030579 
19603.089759061986 19980.458534212423 18598.477702202537 5770.072964985872 3.933642144310048E-4 0.002574393281337106 0.9600089265989452 
19596.908104508842 19975.83186861703 19429.899676447385 5763.892139871534 0.004271690129084606 2.5015987381980017E-4 0.9611246954417884 
19600.751205281827 19976.46019755602 10113.93839888143 5764.413617498747 0.0014990493923293716 0.0026932516539782663 0.955111337223158 
19603.089759061986 19975.974643268582 10774.313310503469 5770.072964985872 0.004300421504434597 0.002574393281337106 0.946254672638946 
16.011588831087465 13267.772794562983 73.33180157407958 5764.771976605522 0.00572420653720887 5.04237925450313E-4 0.9278314222663835 
15030.053707384215 19983.963903766507 10148.834908158955 5763.253383687255 3.129822916011945E-5 0.0024205457747192727 0.895569844081555 
8359.537046219371 19978.500503554827 8753.855841741091 5771.458535827667 4.8424332763138077E-4 2.6826823769722876E-4 0.7870971964412474 
192.17130412401576 19831.67135013218 4239.344780201819 5763.572901177332 4.497223698121666E-5 0.0024682088407219954 0.9621406599492143 
59.29049004818347 19951.020601639266 163.76339931488147 5745.909765727957 0.001081212307437322 5.508247445862725E-4 0.9502121510583645 
13734.002570282746 19802.438187243195 8348.45643015856 5764.6547967570605 5.537001538820905E-5 0.002370006438047482 0.9962735254906061 
177.64086952770174 19976.334167251604 6006.27822339521 5763.2431772133905 0.003299183585962351 0.002476995797460425 0.993984091289992 
7361.599433379523 19880.39713356738 8459.377115842124 5727.02509153127 2.961453923227822E-4 0.0026704461352097236 0.9735406848475022 
26.467574102839535 18916.089006192262 135.32061907424327 5764.771976605522 0.00563278569243961 3.289378969460609E-4 0.9576961945712449 
13734.002570282746 19802.438187243195 8348.45643015856 5764.6547967570605 5.537001538820905E-5 0.002370006438047482 0.9962735254906061 
12658.593941863735 19801.702981322174 8051.994331167178 5764.65496005246 0.002615553904404622 0.0023534789206006703 0.7247541552628176 
8359.537046219371 19978.500503554827 8753.855841741091 5771.458535827667 4.8424332763138077E-4 2.6826823769722876E-4 0.8909061982140306 
9019.551944223778 19881.542341298125 9779.539146800624 5764.601887631498 0.0026244220477919427 0.001661789303020213 0.9627349017400355 
64.08574917797159 19999.07539413544 3171.3306221111307 5764.413617498747 3.843860798778079E-4 9.419599579229675E-5 0.810947772888566 
177.64086952770174 19976.334167251604 6006.27822339521 5763.2431772133905 0.003299183585962351 0.002476995797460425 0.993984091289992 
