19996.668523345113 19963.399095779223 19529.196453243516 5714.6598371287955 6.674722290915967E-4 0.0014414126933841873 0.8854469913801981 
61.64080392915888 11223.810488594665 12.731770856228726 5774.412929599584 0.9760761848981594 6.261923365959842E-4 0.3711233062741007 
19996.668523345113 19963.399095779223 19529.196453243516 5714.660643959734 6.674722290915967E-4 0.0027468093920066084 0.8865044170501686 
61.64080392915888 11223.810488594665 12.731770856228726 5774.412929599584 0.9760761848981594 6.261923365959842E-4 0.3711233062741007 
69.95447710109235 12205.164787067291 38.19485784902997 5774.2222370117415 0.06937682603506462 2.7969873637299567E-4 0.4929809851784619 
61.64080392915888 12311.621936450216 12.8606102195257 5774.586639395823 0.13014819262779714 6.306237468862259E-4 0.37143284694026113 
262.39766403212445 11657.392012749704 39.72611017588186 5774.659891012598 0.9070463536296659 0.0015306416299136758 0.6849827684461944 
349.7110960704628 12899.018246716967 162.82860122096008 5774.607164265467 0.7303003196414728 0.002927543959499934 0.9948596973331851 
61.64080392915888 12311.621936450216 12.8606102195257 5774.6264880415465 0.13014819262779714 6.261923365959842E-4 0.36266258024541104 
82.42339872209739 18451.631429724017 7045.033122230431 5774.336523412031 0.0017224978801524938 8.458693823855108E-5 0.8927041025568795 
73.83395463840134 15249.700996207726 25.173369565022 5775.955181313844 0.0023231670759562644 0.00200251732055152 0.9788034084923909 
28.604443617528894 16227.707233553692 5.594141803391512 5774.412929599584 3.401347743012262E-4 6.090880053387437E-4 0.3711233062741007 
1027.7700090233936 18778.07631345614 4988.074254470377 5774.405395581051 0.0020822219468410777 8.309860213338415E-5 0.9272976475011427 
205.5262154464778 19934.519977122065 3101.0164006434716 5728.775925196989 0.0027258228157534554 0.002626299674846371 0.8564647868765948 
19125.1887144991 19913.07549608706 18131.66988344335 5682.024985089779 0.004600785674828919 2.91860829414723E-4 0.9071848857514516 
261.5184500550637 11871.247277773278 23.963144509570256 5771.134542146035 0.9075374692193032 5.75265619822337E-4 0.8213062516915984 
273.568731181792 11223.810488594665 12.731770856228726 5774.412929599584 0.9760437350161881 1.723407685880606E-4 0.3711233062741007 
18926.53852843111 19932.30907016778 13722.867785453198 5728.795761789626 0.003318308997139294 0.0034563422177989397 0.5724000417116726 
5916.104898219194 19998.25588674202 10017.900179401417 5775.784490315391 0.0010049107134160289 4.130583944945488E-4 0.386997653515651 
19787.227616529795 19992.64354701091 18794.767851483197 5682.024985089779 6.798403577217471E-4 2.91860829414723E-4 0.9816435686280924 
731.707986266245 17885.434915981074 36.852534486504666 5771.134542146035 0.007437684220889085 5.75265619822337E-4 0.959999840967727 
1697.6156757051249 19996.272369940547 5265.857205393868 5714.685774373347 0.002177687555299429 6.384963039807428E-5 0.8854588960086982 
19670.100176671098 19963.399095779223 7922.154193262041 5714.882647720278 0.002176675821455147 0.0014330216151950135 0.8854469913801981 
19125.1887144991 19913.07549608706 9308.33231842653 5682.024985089779 0.004600785674828919 0.0012186765180632465 0.9730377278085864 
62.65042582813669 11835.369784053104 12.644837629219104 5776.102863444317 0.9591385100834825 0.0012331586771932401 0.3712862231231085 
54.73882973847824 19027.772329224066 152.86993221718194 5774.336523412031 0.011135101275561091 4.995746116788209E-5 0.8927041025568795 
234.372849909232 12400.5458550524 132.44436082385164 5774.269868846353 3.4504469099534956E-4 0.0026067482857182 0.8927041025568795 
19892.097585499967 19963.04933340446 16762.50231263259 5714.358616961599 0.002940035355261191 2.8536208143748604E-4 0.8632276996570031 
67.24849968198288 12054.379180875903 143.4971691374991 5765.183960275609 0.8925192100818184 5.114722909832854E-4 0.9970276548000693 
1504.5051708827823 19954.64028519533 6949.105134745616 5776.1362007477 0.0023171379642306384 0.0027517239941135057 0.9951639939710106 
19563.244799742744 19932.465731194665 15006.63476819869 5721.10466792444 0.002310689428737011 0.0030352943851055404 0.981435572610804 
19246.524829073434 19998.6990196138 16013.851103916651 5773.062780019225 0.004186081052457617 2.5789348502478306E-5 0.48540168835470865 
42.96107651614389 12462.47562847992 23.138063509344647 5779.762245318571 0.9696467771741117 0.0028497597382347003 0.37208367248280205 
42.96107651614389 12658.62066068414 13.439123498356345 5774.718042068411 0.9696467771741117 0.0028497597382347003 0.37208367248280205 
257.59914171260215 12368.058693603865 52.70029716276894 5765.494739301837 0.8992340535317388 0.002950370302681538 0.8180838151100401 
5916.104898219194 19998.25588674202 9346.880356683941 5775.8358909309545 0.0010049107134160289 0.001223032931865109 0.386997653515651 
328.67307308520384 19958.46438094837 9633.636292618208 5788.378954695112 0.004299306893186302 0.0029076591942915012 0.9895797213768298 
123.4072264860977 19912.940656990508 9038.075967186753 5774.659891012598 0.0074506388959533765 0.0029902095491845114 0.8558244385027527 
234.24146488295258 13362.856240977217 50.2680667522882 5777.254990741622 0.01094341445659508 5.197244810235951E-4 0.5286748216894599 
13801.453529957933 19997.5964730068 6804.174001031725 5777.4387579603335 1.0785037891686278E-4 5.644432316216259E-4 0.48881712322079485 
71.44918349880925 12207.637117410639 52.70029716276894 5765.494739301837 0.8992340535317388 0.002950281009873404 0.8180838151100401 
981.440827265078 18778.07631345614 119.577691169834 5774.405395581051 0.0020822219468410777 8.309860213338415E-5 0.9272976475011427 
19793.345461607598 19964.331983700526 11819.010253323115 5775.030451771962 0.0018214591856688831 7.307976726781318E-4 0.8335101700731306 
202.91715817010527 19978.574037853166 237.211581355632 5718.108360571034 0.0014016836768727839 3.206495583038516E-5 0.9177609889588545 
842.0075111794935 14367.436753823691 51.13686353310991 5774.928082213803 0.014232366690397014 9.692030991489639E-5 0.5741016246618587 
180.71636564479604 13549.128747336283 58.8253115152861 5777.336834229515 0.012414979072163324 0.002907907940955602 0.9963180673547658 
190.1295553986929 11657.392012749704 39.72611017588186 5774.478472956996 0.016713546487749364 0.0015306416299136758 0.6849827684461944 
5982.107965708615 19997.361944196335 6804.174001031725 5777.4387579603335 3.088634708133867E-4 4.924782528351753E-4 0.48881712322079485 
19047.983576626746 19932.30907016778 12132.358062213916 5725.661055316537 0.01321800604351131 8.931130825516338E-4 0.9857878756835294 
28.18022584770307 19998.6990196138 5.721699449566852 5773.06060276248 9.491113157283904E-5 4.5710611726552594E-4 0.3710997461289314 
19935.43403971145 19996.257846202585 10690.685796401707 5683.472878267561 6.824804492981409E-4 8.327800604696762E-4 0.9294546846132398 
5826.270119327532 19995.028980605653 11280.363544608525 5714.643177792447 0.0014016836768727839 0.0029525853643583176 0.9880614047598899 
19785.222671158426 19998.693144032277 16180.448465987436 5682.790896414164 0.004186081052457617 0.001988084104055861 0.48937840043749975 
45.98049741833243 16882.31915356286 37.93358943092062 5774.405395581051 0.0020822219468410777 8.309860213338415E-5 0.9194210663236246 
12340.33854308431 19699.504433211318 8684.671878071511 5715.040409375738 0.002173277355617123 0.0028353982113566434 0.9257479518866827 
5555.960803537617 19190.548087339997 9010.891353561576 5789.128746375959 0.007446241796043399 6.831981798728231E-4 0.9267165610172238 
541.8225158926707 12215.235109641539 38.19485784902997 5773.258998709556 0.06654422866952166 2.2442458875565418E-4 0.4912741584279529 
26.272052184449805 12968.692634778961 12.252597682835713 5774.396120369115 0.9685698796142393 0.001991268717792362 0.3712862231231085 
180.19820223253686 13034.023270035108 12.252597682835713 5773.635286808336 0.9746922960453502 6.263295765332135E-4 0.3720351869337216 
123.4072264860977 12410.60802147563 24.4150231333436 5774.64523731115 0.0074506388959533765 0.0015306416299136758 0.3711171666307819 
40.069960504490155 19998.6990196138 1203.8281958218377 5773.062780019225 0.004186081052457617 6.124497215579324E-4 0.32749167746717256 
63.09115771988728 12107.575708114138 27.234844054377177 5776.13879237181 0.871226988488615 0.002342155034988797 0.522324768281933 
275.1277220695731 19996.21368088025 1180.2311441411916 5714.466171921076 0.002066711909373731 0.001413076770080696 0.7676281196967429 
123.93118106424677 12147.584245836193 38.26111727263243 5774.347593549154 0.723209873202193 0.002891875796055712 0.9973022438778356 
205.5262154464778 19986.72309987399 2113.1651161968007 5721.595045225537 1.3492079395494017E-5 0.002621772402402048 0.9952490511181725 
19478.685823918393 19993.71482325208 10470.548734126987 5714.877443783455 0.0020262621640948393 0.0013579550559540236 0.8869846165819 
692.7858221655038 14064.683379226008 21.91410738302946 5775.0050719625915 0.017199374061053985 0.0011594238773205354 0.814474191798794 
205.5262154464778 19986.72309987399 2113.1651161968007 5722.039351805826 0.0027258228157534554 0.002626299674846371 0.9076563230804954 
123.4072264860977 12077.307786436302 39.26185165569716 5774.663611651684 0.9542709677293424 0.0015306416299136758 0.37128008347978975 
464.24361703015256 19994.73973320266 8854.399579842677 5713.868494404872 0.0022632994064054677 0.002916324740179055 0.8661910252903711 
349.7110960704628 12899.018246716967 26.12478279951145 5774.607164265467 0.7303003196414728 0.002927543959499934 0.9948596973331851 
81.15310739530958 12132.788358019357 27.62708400040836 5776.101860987599 0.871226988488615 0.0023449628121207716 0.522324768281933 
362.81358587706177 12487.926473644391 76.22359370977557 5774.607164265467 0.733944194839174 0.002911448592237759 0.9964511475437448 
19407.027520595795 19998.6990196138 13928.929161336015 5716.62714500915 0.004186081052457617 0.001988084104055861 0.48937840043749975 
14310.9814818158 19954.978334972464 8133.522088424387 5711.864521162883 1.5994822783689912E-4 0.0034956988116994388 0.9263072959006281 
250.05810868826399 12369.357049990125 163.46113916723982 5777.325211657955 0.8904610586628303 0.0028904658441026403 0.9940471358716603 
5203.188956772563 19998.007582014718 7043.676637011071 5775.8358909309545 0.0010257971836012197 0.0012150763094225985 0.36443948068590987 
42.96107651614389 12775.888867286694 23.138063509344647 5779.762245318571 0.9696467771741117 0.0028514292129172584 0.2926538703024727 
19692.34769821471 19939.11371453261 14498.869938955002 5720.478470492518 0.0023125789081554085 8.284205112315762E-4 0.7920409744125999 
180.71636564479604 12374.096486154875 26.67225501944666 5777.336833087951 0.8925192100818184 0.002907907940955602 0.9963180673547658 
455.40740049437323 17541.365096867954 36.99889069874291 5771.103745268102 0.007437684220889085 5.872229466001849E-4 0.8796960039477976 
19409.032465334407 19992.49743933672 9754.492189132025 5715.8612336847655 3.809744537039086E-4 2.3294669143240974E-4 0.9267026102876016 
5723.2346247041505 19722.357740790954 9010.891353561576 5721.160853316168 0.0026879423547293475 0.002790027708412018 0.9265661785402077 
5826.270119327532 19995.028980605653 11280.363544608525 5714.643177792447 7.716279619015723E-4 0.0029509158896757594 0.9997894814466293 
12164.064257055714 19993.71482325208 10470.548734126987 5715.035205438915 0.0020228636982568154 0.0027603316521054512 0.9272855770883845 
5723.2346247041505 19190.548087339997 9010.891353561576 5789.536378171726 0.004675116511179683 6.831981798728231E-4 0.9267165610172238 
62.65042582813669 11835.369784053104 24.093763749337143 5775.031859285795 0.9591385100834825 0.0012331586771932401 0.3712862231231085 
25.72330537912474 16817.692061980473 306.3244737885892 5774.433501892233 0.0031496775380383812 0.0019991409711231202 0.990551051189413 
167.56770047022516 17541.365096867954 36.99889069874291 5771.134542146035 0.007437684220889085 5.75265619822337E-4 0.9582628461194339 
14364.515166795556 19963.237210002873 9243.098336076375 5711.864521162883 1.5994822783689912E-4 0.0014609324521179725 0.924151392789814 
18742.37965030222 19995.097821017258 10195.647179279964 5715.077683781117 0.014249762697249379 0.0015402355716295452 0.8829063451504545 
125.14812867635311 12216.533191835506 17.339905059781213 5774.371349308104 0.06654422866952166 8.242578620658407E-4 0.9511891239790573 
19892.097585499967 19992.692993740824 19299.353702397137 5714.6598371287955 0.003062768130741501 0.0014256409695330642 0.8854469913801981 
14086.884742316808 19951.502596941875 10724.436424018657 5709.826845530613 0.01495050707054078 0.002159051460806711 0.996307916890441 
123.93118106424677 12147.584245836193 38.26111727263243 5774.347593549154 0.733944194839174 0.002891875796055712 0.9973022438778356 
1698.8088474523674 19449.993955785103 7073.986198691062 5714.279720612549 0.004505559294868225 0.00324085774254549 0.6835680120675285 
362.81358587706177 12487.926473644391 76.22359370977557 5774.607164265467 0.733944194839174 0.002911448592237759 0.9964511475437448 
261.5184500550637 11871.247277773278 23.963144509570256 5771.134542146035 0.9075374692193032 5.75265619822337E-4 0.8213062516915984 
19814.974544381508 19998.936415570704 13925.863838042857 5720.961704933835 0.002310689428737011 0.002930248360329711 0.9663118344090876 
5728.928732126394 19997.368996166024 8917.918966807887 5714.611381258621 0.004299306893186302 0.0024120247221500668 0.8674690316321971 
