13.07 13172.0 
1.654 28624.0 
6.268 14277.0 
9.721 13882.0 
4.691 14659.0 
12.689 13391.0 
10.724 13494.0 
6.242 14289.0 
3.664 16053.0 
10.179 13687.0 
4.68 15480.0 
3.982 15890.0 
9.754 13855.0 
3.614 16590.0 
12.842 13359.0 
3.272 16995.0 
2.555 19844.0 
1.914 24643.0 
1.872 25032.0 
1.781 26150.0 
1.78 26452.0 
2.604 19533.0 
13.068 13299.0 
3.098 17755.0 
1.747 26838.0 
1.698 27892.0 
10.467 13648.0 
2.479 20227.0 
2.674 19274.0 
2.056 23258.0 
1.89 24883.0 
9.721 13882.0 
1.699 27481.0 
1.815 25686.0 
1.756 26627.0 
1.937 24403.0 
2.346 21033.0 
2.279 21515.0 
3.181 17212.0 
2.364 20915.0 
2.263 21633.0 
4.205 15767.0 
1.826 25545.0 
4.421 15571.0 
1.845 25365.0 
2.709 19019.0 
2.928 18226.0 
3.16 17581.0 
2.794 18792.0 
3.543 16719.0 
1.713 27404.0 
2.855 18595.0 
1.718 27136.0 
2.779 18977.0 
1.739 27097.0 
2.005 23854.0 
10.619 13557.0 
2.0 23927.0 
2.247 21841.0 
2.307 21292.0 
2.327 21267.0 
4.535 15508.0 
2.02 23624.0 
3.177 17474.0 
2.236 21919.0 
2.441 20475.0 
1.678 28169.0 
4.132 15796.0 
2.159 22559.0 
1.803 25950.0 
3.028 17897.0 
2.19 22263.0 
3.47 16814.0 
2.123 22737.0 
4.297 15654.0 
2.089 23010.0 
2.824 18693.0 
2.503 20097.0 
1.667 28421.0 
1.686 27946.0 
2.868 18408.0 
2.181 22361.0 
3.406 16950.0 
2.113 22803.0 
2.089 23010.0 
10.552 13588.0 
3.016 17937.0 
2.028 23575.0 
1.682 28138.0 
2.41 20622.0 
2.967 18091.0 
2.216 22107.0 
2.637 19374.0 
3.181 17212.0 
2.994 18087.0 
1.667 28421.0 
1.845 25365.0 
1.803 25950.0 
1.97 24133.0 
2.54 20000.0 
