1.637 29122.0 
8.834 14791.0 
1.637 29122.0 
6.39 15049.0 
7.448 15047.0 
8.442 14828.0 
1.974 23993.0 
2.875 18346.0 
6.357 15056.0 
6.044 15095.0 
6.018 15101.0 
2.24 21794.0 
2.17 22272.0 
5.693 15103.0 
8.17 14900.0 
5.491 15108.0 
3.27 17263.0 
4.036 15923.0 
2.023 23653.0 
2.119 22727.0 
1.817 25679.0 
2.363 20892.0 
1.668 28347.0 
1.936 24414.0 
4.959 15239.0 
1.776 26417.0 
1.685 27851.0 
2.161 22337.0 
3.11 17625.0 
7.699 14943.0 
2.6 19609.0 
3.042 17906.0 
1.678 28184.0 
2.684 19125.0 
7.913 14912.0 
3.538 16707.0 
1.742 26858.0 
4.908 15261.0 
8.231 14868.0 
2.571 19773.0 
5.175 15202.0 
1.708 27480.0 
1.78 26106.0 
1.892 24793.0 
1.922 24487.0 
2.73 18881.0 
2.053 23305.0 
2.302 21437.0 
2.525 19940.0 
8.395 14855.0 
2.445 20384.0 
2.636 19365.0 
4.251 15716.0 
2.798 18587.0 
3.32 17238.0 
2.767 18825.0 
3.733 16303.0 
2.077 23073.0 
7.65 14982.0 
3.44 16851.0 
5.178 15199.0 
1.696 27638.0 
3.688 16430.0 
4.628 15404.0 
4.161 15847.0 
1.648 29015.0 
3.374 17035.0 
7.899 14924.0 
2.041 23464.0 
5.675 15106.0 
2.51 20216.0 
1.651 28739.0 
4.762 15342.0 
2.28 21572.0 
2.821 18493.0 
3.597 16576.0 
2.32 21178.0 
2.396 20714.0 
4.322 15625.0 
5.344 15121.0 
3.931 16055.0 
3.145 17557.0 
4.383 15602.0 
7.51 14990.0 
2.966 18044.0 
4.628 15404.0 
1.728 27100.0 
4.475 15566.0 
5.344 15121.0 
4.475 15566.0 
1.796 25972.0 
1.719 27209.0 
2.652 19254.0 
4.755 15354.0 
3.924 16064.0 
3.83 16177.0 
3.826 16189.0 
3.145 17557.0 
4.175 15785.0 
1.651 28739.0 
