34.80699897397507 11916.564589773627 0.5610097396681795 5768.40164728646 0.5460827230232271 7.913550348015722E-4 0.9159113457410928 
19951.226357887976 19974.41278736824 19938.36893651035 5722.8614892039695 6.818501447444292E-5 0.0024975837696094086 0.905934926467518 
14.247897117771387 12070.552222568713 2.270131771021746 5771.5362322873325 0.018107100761424272 6.670801463453821E-4 0.9419975247161563 
1025.5077996733253 12906.556888254123 26.480095867199452 5747.165850495206 0.44083944067018443 5.173505519860072E-4 0.9883547257596675 
31.25105125949827 12931.92982834897 184.18274287557398 5771.52832213582 0.5460827230232271 7.896141836441887E-4 0.919634181072342 
2.103349328118327 12908.222390025363 36.866628653481655 5765.852044648614 0.44083944067018443 5.5370481596141E-4 0.9591926046259507 
19910.867267733844 19985.361434485698 14090.258229975978 5718.350919668098 7.911336847739748E-5 0.0038706161946614028 0.8707994322368724 
30.023712576623783 19008.188423886084 8553.058552931052 5771.724236566017 1.529729943850226E-4 0.001087532742142145 0.9288795669821674 
13320.13221196922 19974.55941115414 6554.244528244037 5722.56889938837 1.5561410195235096E-4 0.0026008802628462234 0.9695020509125215 
9600.94101802459 19951.584573048294 9881.74678554785 5741.7839248255505 7.687807884970642E-5 2.1014931694321112E-4 0.9911500947377805 
76.2094759745869 19985.13876943641 5430.143637468268 5731.933327304525 5.085035431375045E-5 0.0038607262335439256 0.8684258983067844 
27.521440017823238 12278.439527367356 10.629672916685733 5797.843095111332 0.017354690667573947 0.0015628958123881061 0.9061488835334005 
16860.736776599715 19975.04120649846 10353.76259623005 5718.474610184175 0.002111341761758134 7.222984486327183E-5 0.9595269077876407 
19914.853735979315 19970.121860418658 13203.34396794947 5718.473083124019 0.001531397378964748 0.003824125544397203 0.8904135034198538 
73.50765000742544 15130.393600136798 10.063978403135165 5740.799413708584 0.00819698281979095 0.003543005376998069 0.9093883566591959 
12516.544873267838 19933.820785009782 12030.097121104945 5715.6927469905795 0.0020559338199225975 0.001137233084759378 0.953904357630492 
104.30139299034118 12597.875373288156 83.84755223411594 5771.5001112158 0.5664719385420146 0.0010352090107118724 0.969092303076427 
173.78431056812903 12740.528807284045 8.690069280849457 5770.578237875219 0.02314512947296843 4.3059449378914403E-4 0.9690045627807266 
1.1248349850256147 19546.939364567177 192.0158262125642 5742.967287484121 0.002008641882475313 2.320569131081876E-4 0.9631084851110299 
29.568865316058464 12497.587350542926 0.48626371632245124 5797.879838089114 0.5390652617049219 0.013051687785195373 0.9208243729433265 
4203.681093037751 19974.560115931305 9274.496562224143 5709.048011229124 5.160676604376138E-4 6.816102891100463E-5 0.9695020509125215 
13089.67057662598 19954.86801586853 9030.874324194243 5741.984212306915 4.551166714827329E-4 0.0038989465534482754 0.9403926729658605 
3597.305507209368 19959.689079774438 8640.103170366436 5716.584850677094 2.241090337011687E-4 4.4850477916828996E-4 0.9734498049812316 
19783.70498170587 19851.357749787265 7956.829420171401 5716.584850677094 5.130635328845809E-4 0.0037238228826388595 0.9369148546281024 
1084.4533350296012 19909.21697009241 5484.117182799652 5731.933327304525 5.353287562397137E-4 4.4100275824829777E-4 0.8684258983067844 
85.1026176407789 19008.188423886084 4263.7392443823155 5716.833902367774 1.529729943850226E-4 0.0023055839791631567 0.9291737255384096 
400.035242488104 12908.222390025363 344.4089522288674 5765.896709713841 0.44083944067018443 7.699720885340697E-4 0.9596177956593471 
9.527540914427618 15471.948510360768 34.52646589647841 5734.047074015205 0.004573217325742365 5.497052189077355E-4 0.9468186539285469 
14.139738402241903 14061.436980378585 3.4609806602367392 5764.207610833685 3.3631916422710063E-4 9.786163277997542E-5 0.9662676411663638 
3319.879877492981 19978.579605731193 6120.509354085154 5711.205011379628 4.187776765312288E-5 4.214498963175223E-5 0.7817872420723083 
12514.191345971984 19954.86801586853 11084.02647929384 5743.464040948495 6.186976076956278E-4 6.75044867282306E-4 0.937010896930997 
19655.368932878064 19711.220967547426 9626.922989535651 5718.474610184175 0.0019878603136694534 5.095003011398045E-5 0.9314185967753943 
4203.681093037751 19974.55941115414 8683.960355083711 5722.227469785687 5.148557849955725E-4 0.0025256533910062006 0.9695020509125215 
19614.56293475671 19905.820304384382 11134.42048699397 5708.540679968316 0.001020430332433047 7.667634283341016E-4 0.9022864729133477 
618.763713125686 12982.490176341958 4.1612797305277995 5771.330660914031 0.016182454453736672 8.990963475460538E-4 0.9310611299354601 
179.5022743884194 16736.84138248506 11.316249193152743 5741.9835108055295 0.0037449478357640675 0.003963819197553222 0.9448909483869283 
13195.285968867178 19917.504852192113 9579.67740814468 5711.625439344246 0.0047053884804011915 0.0015348082522752807 0.9573187618583028 
235.7406630964552 12769.04193977677 2.9325639228237934 5797.4393158113835 0.5880122443131189 0.0010254756424484994 0.8228273147666421 
179.5022743884194 18032.16697080453 8.633166491465683 5742.402627868927 2.684147604914847E-4 0.003963819197553222 0.9653355661633206 
10318.799587919817 19596.650803054064 6608.286797382971 5725.904750508501 1.4911706692869505E-4 0.002499324440621761 0.9493912890642003 
19910.65113277381 19752.53529222396 19938.36893651035 5721.828911819264 4.925268500343201E-4 0.0038182737313975064 0.905934926467518 
287.90277296000943 14463.366702989639 81.37379273122757 5748.069286258405 4.6734397910610506E-4 0.0010979066542882755 0.8512389779130577 
445.0872848425755 13055.855272667064 94.62384627000665 5747.002767731303 7.013056393440683E-5 3.8673942967452565E-4 0.9895473565628051 
10247.091235623766 19561.55374664412 8208.843149887296 5708.513911001012 6.558870739083465E-5 7.976816209283694E-4 0.9195487964759806 
18850.23018775499 19980.522353535453 16610.715603935612 5720.643277082159 4.4016575072591563E-4 0.0021909882051417834 0.9824996058024469 
1085.5699721905326 13056.100049396073 1.7579289616056712 5746.968839513269 7.013056393440683E-5 3.8673942967452565E-4 0.9895473565628051 
48.807748194989045 19020.950238731057 83.08963498586809 5716.833902367774 2.9402650001101715E-4 0.002250362715560528 0.9253272848852748 
19530.799777132866 19863.608499894868 19339.468851208727 5741.886915013841 7.138972333835174E-5 0.0034723208150158153 0.9578391945019322 
3513.5621376724202 19996.515221351096 11355.515901746294 5708.447261487558 4.1030653879027806E-4 0.0013167305521103868 0.9578026050927642 
9.130408896014956 12906.556888254123 36.866628653481655 5747.165850495206 0.44083944067018443 5.5370481596141E-4 0.9883547257596675 
19910.867267733844 19987.464732218617 15272.349002499626 5718.350919668098 0.0019509859821254662 0.0021909882051417834 0.9575419310616109 
13195.285968867178 19865.317639292676 10113.010040406896 5711.625439344246 4.8180712163427807E-4 0.0015348297568066624 0.9573187618583028 
496.89901289049385 18238.18781640617 279.39898531584066 5734.498394565865 7.408940041558638E-4 1.3261053575755986E-4 0.9946671779350578 
14.247897117771387 15694.702417624505 2.270131771021746 5795.775964715638 2.9940218673822627E-4 6.670801463453821E-4 0.9419975247161563 
3452.14486587793 19978.579605731193 6120.509354085154 5711.205011379628 5.926981725237735E-6 1.1383722957967806E-5 0.7817872420723083 
12600.28909606548 19959.844743828395 8715.440530099611 5715.750670677163 2.519157036760992E-4 0.0012050110739398093 0.9734916363778524 
19792.95291795066 19988.100769738598 12706.568759514603 5717.416116003803 7.013185538827174E-4 3.907656345320578E-4 0.9741103263445046 
19910.867267733844 19985.361434485698 10343.179501629347 5718.351919488744 6.95599678329716E-5 0.0038706161946614028 0.8707994322368724 
19910.65113277381 19975.04120649846 17003.842705209532 5718.474610184175 0.0019561857372386356 0.0021909882051417834 0.9626330848161767 
12509.367977582351 19974.55941115414 6554.244528244037 5722.56889938837 1.5510161012431703E-4 0.002578544742435917 0.9695020509125215 
480.42185995989007 19972.504892899757 3881.421222025222 5711.205011379628 4.187776765312288E-5 0.0037231699996215263 0.7817872420723083 
29.973109361090522 17272.790199642124 13.413865104017987 5736.037396725444 0.010880952241619168 0.0011767441873593788 0.9387253205518102 
179.5022743884194 18326.14937743215 11.316249193152743 5741.9835108055295 0.0019792483864438043 0.003926593542875412 0.9448909483869283 
4026.855912468782 19974.55941115414 6547.634126309269 5722.227469785687 1.5561410195235096E-4 0.0025074132645362696 0.9580141297374202 
15.737384381895083 14463.366702989639 20.32402695400355 5748.069286258405 4.6734397910610506E-4 0.0010979066542882755 0.959137595431961 
2202.736786070076 19909.811710309452 8899.443403891368 5725.248274026014 4.986987821100153E-4 4.5000968718672107E-4 0.973614050374058 
1764.3665174048565 19997.380661607538 8686.319006308604 5725.248274026014 0.0018903014830812135 4.5000968718672107E-4 0.9000021647025918 
19202.020430476194 19896.961545631046 19175.21035296595 5708.670611836678 7.456185061507427E-5 0.0024084131806436804 0.9577339933142448 
1.6479390174410682 12752.775003948853 13.281058593937857 5774.775499250293 1.235379036876249E-4 0.0013436875220945673 0.9698345067012146 
19777.442434235436 19904.092801367948 15021.28039794836 5708.433840673158 0.0019509859821254662 0.002361215443308579 0.9575262423384637 
19997.64752023821 19974.326425552328 17736.782937564163 5708.101753853668 2.1544764975105148E-5 3.916584754297852E-4 0.9575419310616109 
10318.799587919817 19596.650803054064 6508.986027491574 5725.904750508501 1.4911706692869505E-4 0.002499324440621761 0.9493912890642003 
10318.799587919817 19858.719870085257 10066.709951068126 5725.590516215611 1.4911706692869505E-4 0.0015301118811708089 0.9493912890642003 
29.568865316058464 11955.954825369054 2.270131771021746 5771.5362322873325 0.5435189701466492 0.0018335465753207868 0.9316172874738465 
1085.5699721905326 19546.150526476235 6650.7896322246925 5746.968839513269 7.013056393440683E-5 3.8673942967452565E-4 0.9895473565628051 
16860.736776599715 19977.385322591483 14100.841324576673 5718.473610363529 0.0020017744971023302 7.222984486327183E-5 0.9595269077876407 
20.89144041222687 19989.98428448991 2199.8481796095016 5733.184127806534 1.5317384861202748E-4 0.003823611954059433 0.9291747928238777 
448.94770987562606 19801.582627047334 4677.944676904225 5742.967287484121 4.6708359575413816E-4 7.745021314899472E-4 0.9374728186057056 
19956.72622602403 19902.721328423933 17750.525505419075 5708.670611836678 4.615476483133259E-4 4.212690072844124E-5 0.9573617879362637 
1694.025271360193 19985.307993179213 5485.120287872782 5730.575786976047 9.781432102410161E-6 2.672328435949973E-4 0.786879288673255 
4026.855912468782 19979.0561893576 6750.682117908336 5722.261529320567 2.933197043529398E-4 0.0025129415138393446 0.9723455308419391 
62.936798139819075 16417.517689424534 34.52646589647841 5734.257432577901 0.004573217325742365 0.0015708733002882383 0.9468186539285469 
448.94770987562606 19801.582627047334 4676.724407515629 5742.967287484121 4.6708359575413816E-4 7.745021314899472E-4 0.8666526852515077 
121.31668687353454 14149.325979233854 0.16020892332295134 5764.207610833685 3.451233302176166E-4 0.012764364148820907 0.9694147194153856 
13925.980385845101 19865.317639292676 10113.010040406896 5711.625439344246 4.88003135123646E-4 0.0015421729125868642 0.9897203873053071 
29.191900937211305 12070.552222568713 2.270131771021746 5771.5362322873325 0.5424991670159498 6.670801463453821E-4 0.9524678011055335 
9.527540914427618 16054.708644752662 34.52646589647841 5734.047074015205 0.004573217325742365 5.530472153954766E-4 0.9468186539285469 
19262.370905731448 19943.86181540841 11956.263883269141 5717.64740540778 0.0019509859821254662 0.0023635256518600243 0.9575239525964439 
19202.020430476194 19858.30046880834 10083.220155593182 5708.670611836678 7.456185061507427E-5 0.0024084131806436804 0.9577339933142448 
19774.21652284337 19905.463944765706 10113.256141282433 5708.565301858565 0.001020430332433047 7.667634283341016E-4 0.9573115568992001 
1109.673159960161 16992.431908285515 338.9602779171189 5735.2454874983605 4.306458572689168E-5 5.445146768896351E-4 0.9469977028330939 
19056.541650159834 19934.192013089927 12030.097121104945 5715.6927469905795 0.002030011840320952 0.001137233084759378 0.9970042063398133 
19407.946619632472 19980.791412232393 16610.715603935612 5708.464764454252 4.524817199492819E-4 0.002195577757694661 0.9908236817331111 
179.5022743884194 16736.84138248506 1208.929323015947 5741.9835108055295 1.5966686109652258E-4 0.003963819197553222 0.9448909483869283 
9.527540914427618 16054.708644752662 10.217217365182734 5734.047074015205 0.004573217325742365 5.530472153954766E-4 0.9149332051219048 
118.31033588594164 19858.719870085257 122.28385305352094 5725.590516215611 1.4911706692869505E-4 0.0015323303286291707 0.9495896298080246 
62.936798139819075 16333.063225222912 238.09734054880028 5734.257432577901 3.534981338602274E-4 0.0015708948048196198 0.9468186539285469 
604.94931395763 19992.865264852768 2213.974312906297 5717.967933668286 1.456454917525687E-4 0.0019905684072572113 0.9669634199901909 
48.807748194989045 19022.80425965383 22.03988893500426 5716.833902367774 2.9402650001101715E-4 0.002250362715560528 0.9591387967341045 
209.99006743866903 19909.21697009241 3951.647684657848 5731.933327304525 5.353287562397137E-4 0.014133313172557269 0.8684258983067844 
