1.64 29117.0 
8.687 14834.0 
7.911 14871.0 
6.594 15017.0 
7.134 15016.0 
8.406 14866.0 
3.868 16116.0 
1.657 28857.0 
7.601 14942.0 
6.282 15034.0 
5.636 15103.0 
1.717 27279.0 
5.95 15102.0 
1.672 28198.0 
1.743 26837.0 
4.881 15279.0 
2.741 18972.0 
3.499 16746.0 
3.776 16326.0 
3.253 17510.0 
6.586 15023.0 
2.469 20361.0 
1.756 26675.0 
2.296 21417.0 
1.709 27506.0 
4.517 15485.0 
1.955 24182.0 
1.838 25385.0 
5.168 15174.0 
7.324 14958.0 
2.506 20086.0 
7.723 14896.0 
1.995 23950.0 
2.008 23702.0 
3.382 16974.0 
8.439 14846.0 
1.7 27873.0 
2.906 18234.0 
2.422 20562.0 
3.693 16413.0 
2.622 19587.0 
3.021 17911.0 
2.28 21800.0 
8.673 14842.0 
2.04 23464.0 
4.06 15874.0 
4.06 15874.0 
5.339 15138.0 
4.744 15334.0 
2.673 19235.0 
5.027 15243.0 
3.092 17746.0 
4.689 15391.0 
1.818 25729.0 
6.146 15058.0 
2.976 18028.0 
1.795 25952.0 
2.406 20768.0 
2.322 21256.0 
2.659 19282.0 
1.93 24434.0 
5.982 15078.0 
5.507 15107.0 
2.541 19912.0 
1.78 26269.0 
3.289 17202.0 
2.099 22861.0 
2.077 23063.0 
2.372 21115.0 
4.382 15656.0 
2.133 22574.0 
3.156 17592.0 
7.858 14875.0 
4.179 15772.0 
1.891 24849.0 
1.857 25203.0 
3.622 16548.0 
1.698 28039.0 
5.377 15115.0 
4.323 15698.0 
2.764 18763.0 
2.828 18517.0 
2.117 22726.0 
7.276 14996.0 
2.926 18178.0 
1.79 26209.0 
1.912 24637.0 
3.622 16548.0 
2.188 22280.0 
2.56 19764.0 
2.225 21932.0 
7.161 15002.0 
4.224 15707.0 
3.287 17207.0 
2.055 23305.0 
6.194 15047.0 
2.828 18517.0 
1.641 29070.0 
2.074 23228.0 
3.12 17648.0 
