1.637 29155.0 
10.14 14778.0 
1.637 29155.0 
7.609 15096.0 
5.743 15097.0 
2.238 21787.0 
8.948 14813.0 
10.066 14787.0 
9.416 14790.0 
2.167 22355.0 
2.33 21216.0 
1.689 28020.0 
8.547 14819.0 
9.361 14805.0 
2.136 22553.0 
2.531 20049.0 
1.719 27203.0 
2.086 22993.0 
3.285 17249.0 
1.697 27563.0 
3.385 17019.0 
1.849 25340.0 
1.668 28364.0 
3.702 16403.0 
5.496 15110.0 
1.747 26732.0 
2.567 19722.0 
4.241 15736.0 
3.039 17855.0 
1.908 24770.0 
1.816 25775.0 
4.368 15611.0 
1.765 26386.0 
1.94 24424.0 
2.071 23119.0 
4.916 15296.0 
3.825 16231.0 
1.872 25022.0 
1.836 25576.0 
2.861 18566.0 
2.468 20298.0 
2.956 18099.0 
3.993 15977.0 
3.13 17675.0 
7.671 15041.0 
4.454 15542.0 
8.001 14932.0 
5.363 15129.0 
2.374 20860.0 
5.709 15105.0 
2.351 21114.0 
2.597 19571.0 
1.983 24019.0 
8.313 14865.0 
4.126 15838.0 
7.837 15029.0 
2.398 20758.0 
4.748 15339.0 
8.181 14920.0 
2.034 23432.0 
1.709 27402.0 
4.596 15445.0 
2.422 20535.0 
3.852 16152.0 
2.985 18010.0 
2.722 18932.0 
1.753 26655.0 
4.729 15379.0 
1.794 26180.0 
2.001 23748.0 
5.039 15203.0 
2.887 18317.0 
4.551 15472.0 
2.765 18860.0 
2.643 19333.0 
3.52 16819.0 
2.641 19424.0 
1.799 26082.0 
1.655 28650.0 
1.889 24908.0 
2.006 23697.0 
2.705 19141.0 
1.658 28581.0 
3.938 16032.0 
4.986 15233.0 
3.638 16524.0 
5.169 15190.0 
2.685 19178.0 
4.156 15837.0 
1.641 29127.0 
2.886 18323.0 
2.028 23484.0 
3.624 16571.0 
3.222 17408.0 
8.443 14862.0 
1.971 24118.0 
8.22 14904.0 
3.553 16667.0 
3.196 17538.0 
1.647 28877.0 
