19991.52518257425 19982.980077958495 19481.286282975954 5729.359196635336 9.768850279563287E-4 0.00203358970127726 0.8822251861083066 
391.36961353516614 11857.393734064166 0.4335367549138027 5754.668072179319 0.7717452803845651 0.001042968449495736 0.7227017975748957 
19991.52518257425 19982.980077958495 19481.286282975954 5729.359196635336 9.768850279563287E-4 0.00203358970127726 0.8822251861083066 
19.617171131613745 12243.609950622613 33.14199274595331 5753.914581828891 0.09523806951581265 0.001173853679190409 0.7220347852918025 
214.49016559472864 12581.927370767591 23.99229383759869 5774.208815982906 0.2670672462991162 0.0027909678059170186 0.945358848662534 
17.1045144905549 12489.879006621975 33.14199274595331 5787.102770564824 0.09523806951581265 0.001173853679190409 0.7220347852918025 
148.9048848632193 12252.955956126867 65.48420687111137 5752.319324406041 0.7631172094828359 0.0026832798102931496 0.7222818127511411 
21.389827771965642 12383.197383414723 82.39514263327523 5786.6053109806135 0.7606718062505643 0.0010485966258544166 0.8427837173598465 
19.645039051995443 12247.074582170155 66.6670058880652 5751.309417354493 0.7079349619568044 0.002951867403889613 0.963425547774796 
10949.760495852028 19839.061216517952 5091.655241675597 5728.77780477704 3.879070147856334E-4 0.0012003589187987076 0.8033832439349795 
10997.210098890911 19958.149850599206 9601.414388720026 5731.270029011403 3.710518499398897E-4 0.0029052273507992185 0.9747948215027308 
19998.563195632007 19579.460210056288 9808.859051710007 5758.166654442079 3.782775555996658E-4 0.0047880349441879605 0.9731624849419979 
331.929480506735 18517.800277085724 704.1119046138697 5755.306671468256 4.377745568164876E-4 1.4314285307983395E-4 0.8600129452519016 
36.29927759822802 11918.532538611815 23.874489911584647 5754.440452335597 0.017972977121509415 0.0028662636565027558 0.8057308148089479 
679.7661294894397 19901.801840076576 9871.485159079546 5728.4757625337925 9.399360347783553E-4 0.0048396558776937085 0.9561187076357344 
19587.917958730304 19931.770467164493 13791.346290625093 5727.590636180171 0.004454853412846888 0.0047199283185472085 0.9781131946544127 
585.060945263414 19595.934257520894 6384.6886102159115 5729.372396434918 0.023374167161121118 0.0010813084777289966 0.936473000324012 
11139.078557456745 19842.588560173568 11662.058598423215 5737.245643472944 3.941795663572879E-4 0.0047991310797322 0.8011002475397819 
19998.563195632007 19577.519848420485 15528.695168983868 5758.161562996761 3.7840544550880525E-4 0.0030970243239780404 0.9731624849419979 
42.90941490468322 12772.570093026417 5.768059394900828 5755.063966276611 0.4467617907853013 0.0026970129295719836 0.9647806931627276 
369.44656487443626 11857.393734064166 0.4335367549138027 5754.668072179319 0.4367434673505732 0.0010366793409163169 0.7465260389387104 
215.11177454826793 15497.7975945005 293.61975576979796 5755.129189437037 6.841083996375246E-4 0.008503243214565737 0.8593130644885812 
746.929336735363 12832.277171564052 11.312921867847223 5754.025101550556 0.0014051095583983916 0.0015186227356681387 0.8228245400584249 
7425.638976268247 19892.067658228236 10477.703447909846 5729.80835106968 4.660282028088776E-4 0.002972053257395269 0.888752562307276 
7613.004820263432 19733.478651674475 8332.842310704522 5730.23254121055 0.004211174712300762 0.008574131478231058 0.8874169993462023 
18139.89599407927 19951.250449881558 18102.590855369173 5728.74682798555 0.001283965130129863 0.004784627221980673 0.7743273602775769 
294.1914466832786 19973.884409985818 2718.0419013608353 5727.51395008762 0.010856278691934867 0.002034925494408533 0.7437038006853685 
3.5733972265723466 16652.58995511369 5.335506639267898 5743.386764411652 0.01838020819724498 8.891243962901481E-4 0.8882119733495317 
38.3018399314564 12316.208095200764 31.20678462043782 5754.797602957505 0.018160159348551877 0.0028783732929075242 0.7939456457833481 
1253.2074126070675 19967.466828769695 231.0772944670789 5753.269936610819 0.0022232568078654827 0.004630604485957646 0.8384487332460986 
130.7113580459128 19973.61034808635 3831.07523754533 5728.229550454151 0.0019213171497297723 0.0075385928164481 0.8641121082187061 
36.29927759822802 13058.630114629002 23.874489911584647 5754.440452335597 0.017437501196072194 0.0027922155606681736 0.8227732662094833 
38.3018399314564 12688.995301086987 22.25602321650146 5758.371254512599 0.017427174697474238 6.171852289941419E-5 0.8019505603214124 
333.10293519019376 19994.43670853102 8458.254797486605 5728.45409216841 0.0019516024144950101 1.4314285307983395E-4 0.9578574761610649 
27.829102677407423 19762.112898532767 35.22006644172052 5755.004825805289 2.049222400942031E-4 0.011360384721074777 0.9647806931627276 
424.39729848113996 19791.570009145908 2064.552806309035 5755.104093685375 7.565659081906657E-4 0.0037308615531314797 0.8396020657938259 
67.38595415477886 12493.34363816952 66.6670058880652 5784.497606090426 0.7079349619568044 0.0029381219795487513 0.7899409327200276 
130.7113580459128 19987.312407421898 3288.6385734970177 5728.805130109204 0.0019213171497297723 0.0075385928164481 0.8641121082187061 
19954.49403964348 19993.69203332816 18783.104530562992 5731.310193415603 9.581891462645019E-4 0.002037758898643649 0.8822679929875176 
12584.836815627414 19842.588560173568 9826.94612521352 5737.245643472944 3.941795663572879E-4 0.0047991310797322 0.8041944949388048 
15.804079715765567 12174.370239323007 4.145025980391828 5755.028889682142 0.45647594082992 0.0028664526490580597 0.9632955089236691 
764.8724637525231 19901.028294500866 7668.442042685992 5728.4757625337925 9.401490081168539E-4 0.004798930444818247 0.7818030481825404 
19968.006020866622 19989.623782723265 15713.788461329124 5757.960770453237 4.2357577173673467E-4 0.0025174551356311244 0.7211385836631027 
19666.301684165217 19987.482309917537 14395.625359204852 5740.495264139847 0.004336175474263449 0.004779194133722004 0.9398122421361499 
1186.9068201948885 14229.497040404802 136.65912870880018 5753.726626668169 0.002197744361833118 0.004630604485957646 0.824358226964164 
422.18995482525224 13658.780643674645 3.7338566773996407 5755.063966276611 0.019046574175850983 0.0014135232722422082 0.957750272609724 
17.1323824109366 12493.34363816952 66.6670058880652 5784.497606090426 0.7079349619568044 0.002951867403889613 0.963425547774796 
19995.60779396065 19986.51884639674 11246.950565741672 5770.897772688379 1.3733216677848923E-4 0.004819880792570645 0.839008667371605 
18592.282431607837 19890.45272868775 9214.980292437478 5729.831171628586 3.876850014346956E-4 0.003258861995452451 0.9048035178121295 
36.614444827442924 12490.157671708612 31.009540298526634 5773.824058222714 0.2734655441117662 0.002865418891836495 0.9497670342217146 
746.929336735363 14179.082015961681 11.312921867847223 5754.025101550556 0.0014051095583983916 0.0015186227356681387 0.8228245400584249 
174.00471480893893 11681.594913193905 3.2581025691061747 5755.028889682142 0.45647594082992 0.0028762340400723383 0.9497670342217146 
214.49016559472864 11918.78262988631 14.490346688712055 5774.208815982906 0.2670672462991162 0.002866640045694304 0.945358848662534 
18.360209935719524 17228.677191630042 29.94515563808004 5772.587037018474 5.703374609345706E-4 2.952452678344015E-4 0.9716401292168548 
663.6275391713352 19499.77020079838 5043.527763315535 5728.80153329552 0.001919728223375384 0.010555480300238082 0.8083703617095823 
204.0503604858204 19973.854308447753 4398.873207010575 5728.80153329552 0.0019213171497297723 0.001166537057909972 0.7694158708985508 
19737.238764063026 19877.048479899953 12164.291895078215 5755.107488412261 6.993244399528874E-4 0.0037951729045885042 0.8404960004271218 
130.34584167309185 14034.581624177736 147.2284776484443 5751.354946659974 0.002197744361833118 6.217081761088403E-4 0.8022542296750022 
15648.499090537114 19998.698945637778 9508.923284642155 5729.981975690325 1.3219873740766448E-5 0.0046025169728936164 0.9007661379304398 
5368.402861902946 19950.39613449743 7898.564984275218 5729.402740956449 5.054832674315443E-4 0.004717552468489968 0.8874447587982246 
7613.004820263432 19965.579071537246 8332.842310704522 5730.23254121055 0.004315510860162927 0.004070005144220739 0.8874169993462023 
19955.13750392137 19983.130755693175 12342.849292971838 5771.208149787016 0.0016709006453130186 0.00203358970127726 0.8012406039985684 
383.66598382501877 18519.451360319523 11.187745960645941 5755.129189437037 4.257629914394258E-4 0.008503243214565737 0.8597387064802116 
352.1596128476458 19843.156387649393 9504.918551547264 5727.512373765425 3.7586746594991233E-4 0.0016943977180685986 0.7993949228346711 
19.617171131613745 15328.863608972168 150.08669325186156 5758.364424898777 0.005608208508940439 0.004440300694123951 0.7229255308758359 
833.181061770395 17088.02602267853 481.92459434139346 5742.048733048692 1.6072256983128575E-5 0.0020400948676854245 0.9665954925293156 
585.060945263414 19999.91118291871 6469.6930437265655 5729.372396434918 2.6281729569317843E-5 8.706536518935846E-4 0.9274872143068741 
746.929336735363 13792.641214835956 11.312921867847223 5754.025101550556 0.017984848290828144 0.0015178047881299673 0.8895722023094583 
15685.611382232197 19999.34657664648 9508.923284642155 5729.393704647488 4.221294110443301E-5 0.001888018571984298 0.8925863754223476 
19637.181854704704 19966.50112466455 10300.963061592687 5726.335435210951 0.0015820605413412608 0.002634909557352749 0.939721653797385 
9587.858959482815 19953.9649276493 8374.271035251859 5728.459672009613 0.0019587614534501505 0.0029312988093522273 0.9576898199226007 
526.4355032464318 16652.58995511369 247.2114176724972 5743.38584904047 0.01798652683807582 0.004925240161211795 0.8882119733495317 
764.8724637525231 19988.98769182528 8757.166017068006 5728.4757625337925 9.401490081168539E-4 0.0048464142270445276 0.7818030481825404 
422.18995482525224 12286.240583078472 4.032389895492168 5755.066333392182 0.4491034684428411 0.0026970129295719836 0.9648441500192037 
3.018877435094325 12252.955956126867 24.68903552935257 5753.75600513687 0.7630776538688666 0.0027961305436031442 0.7222818127511411 
166.73167169087452 11683.394591735967 4.145025980391828 5755.028889682142 0.45647594082992 0.0028664526490580597 0.9497670342217146 
833.181061770395 19805.18772418766 7216.516029794805 5742.048733048692 1.6072256983128575E-5 0.0020400948676854245 0.9650616751658816 
663.6275391713352 19998.528374362086 5043.527763315535 5728.80153329552 0.0012095126116489336 0.0012689610056962806 0.8060546689029854 
13.750390549714893 17224.20409337533 481.92459434139346 5742.048733048692 1.6072256983128575E-5 0.0029455945266517436 0.9634406613284829 
19648.820683557973 19966.356770890525 7905.92219769019 5726.345257324654 0.004934111557526311 0.004991709180248675 0.9680085047296121 
19993.88060559371 19993.903809375057 18018.96210855587 5681.920955374428 0.0012033365433775523 0.001738888237100594 0.8536541701042423 
7000.143943025212 19770.436530948165 9601.414388720026 5731.270029011403 3.710518499398897E-4 0.0029052273507992185 0.9747948215027308 
10675.232442668439 19973.92582888365 8972.857772742202 5730.428240802667 0.001757955515181959 0.006853845246489913 0.8795099471645966 
6100.211988710856 19204.586400684086 8051.798300892889 5730.247372644029 0.0012107423154392293 0.0019480364739551462 0.8874169993462023 
19943.33953353515 19983.130755693175 9739.198528641538 5769.692452706237 0.0016745427191487395 0.004821417290123224 0.8738659011019813 
19947.69832089562 19932.976053580263 13930.84641812819 5727.128677989119 3.528478902280435E-4 0.0047199283185472085 0.9781131946544127 
10631.041035995147 19972.570618434052 9360.29861789494 5730.934032760741 0.0014607219393177515 0.0012080089090693966 0.8781938991031921 
58.00241867812201 15519.285176775173 167.970466009162 5758.364424898777 0.005693351236095587 0.004041098564644426 0.7042957477005045 
13229.806848723618 19868.23088765473 9826.94612521352 5737.245643472944 3.941795663572879E-4 0.0047991310797322 0.8041944949388048 
19.645039051995443 19943.774328173073 440.205260304283 5751.558822787795 0.021793587147483362 0.002951867403889613 0.9662198597156139 
423.400189189981 19791.570009145908 2107.5730690115374 5755.674132880683 7.565659081906657E-4 0.0048543126259675395 0.8410300070913481 
36.29927759822802 11918.532538611815 23.874489911584647 5754.440452335597 0.017972977121509415 0.003026961576586023 0.8637813391856668 
19608.0701123804 19988.41713929777 15574.288333826027 6009.267261216438 0.00452847988398886 0.0025174551356311244 0.7211385836631027 
19991.52518257425 19999.371255645037 19181.175857696297 5743.70991653187 5.904728904057995E-4 0.0021071645170622 0.8828611078349178 
19954.49403964348 19993.69203332816 10709.292928574954 5731.310193415603 0.004988172919504029 0.017644490665850488 0.9716686520655298 
314.1002543826016 12286.240583078472 3.7338566773996407 5755.063966276611 0.45316294483855396 0.0011791885907870856 0.9547240759350768 
19991.4174089663 19981.318477804376 17393.728096154784 5729.359196635336 6.802696670762002E-4 0.00203358970127726 0.8822251861083066 
42.90941490468322 13063.99889510916 4.5852173349911745 5755.785363611844 0.4492379544184771 0.0026970129295719836 0.9648022647815642 
15.804079715765567 12184.658639357052 4.145025980391828 5755.028778072485 0.4532405065503381 0.002817613440158117 0.9632955089236691 
3.5733972265723466 16667.480640790378 5.335506639267898 5743.386764411652 0.0018082650722634416 8.899423438283238E-4 0.8214643110984982 
