19931.475752471048 19983.88366674906 19878.479784513715 5735.4397448323825 0.002375501817898691 2.337403825274434E-5 0.9570075490439094 
71.66919055581815 11739.972203601837 8.999280491683358 5753.172541380479 0.7020736361471998 4.1111611446528924E-4 0.9713065780704487 
4.03473073868204 12358.369391881846 15.417916369550241 5753.299910214414 0.5753982874122165 3.2131772765019726E-4 0.971449580379848 
3.5725602138485613 12044.949946645775 8.445314252096523 5753.295240043751 0.17335597009146175 7.603684763334397E-5 0.8421866705056912 
139.51743869523528 13741.721353095616 10.679065271661996 5753.172541380479 0.5796172714497756 2.7783994299893566E-4 0.9714618141711047 
139.51743869523528 12080.31679145081 124.6075474552014 5753.172541380479 0.7020736361471998 9.762779208680073E-4 0.9714618141711047 
3.2561348501540124 17648.95271263716 30.669146756998714 5759.202413783214 0.0031431242422908477 5.500527095453431E-4 0.9719565388226984 
19443.31963134499 19947.373246259227 19595.922320638838 5743.982083826646 0.0025277909775137546 4.867290547345246E-4 0.9965327345165415 
555.5260431066837 12642.389586011312 70.04877349857091 5753.066386975097 0.576904740960108 5.343805900430191E-4 0.9713970396652595 
15.859616490227829 12677.953909526059 0.2936935133369545 5749.811788517341 0.18462456855083476 5.4699812630818606E-5 0.8910006171968732 
14.16642816285497 12046.441062896423 10.729553167464266 5753.3197080926375 0.016698558745988856 0.0046685083719268765 0.9860674213618343 
19812.315289329417 19947.32948603616 15647.357379540717 5750.817036325947 0.002853682271128078 0.0024924603929292444 0.9964222277070343 
16.128535120477903 13423.529133621687 13.359095232382643 5748.264408662646 0.18407483028042498 0.0031129097894418145 0.889681235806942 
19964.647271892285 19999.436482755787 17682.34780249255 5739.4291840575415 0.002375501817898691 4.333095215670337E-5 0.9091919286791474 
19074.87899589935 19992.180016315913 15034.219541687144 5719.091028078258 9.762284590794671E-4 0.003342080117456018 0.996515953122658 
139.51743869523528 13889.262075937466 10.679065271661996 5753.172541380479 0.009157535915526704 2.7783994299893566E-4 0.9714618141711047 
15.956854951325873 19844.349560478746 7065.928891800871 5735.11997140364 0.009168683154326809 2.818322749004469E-4 0.843423946458881 
112.67070694450572 19477.800593951088 158.1403545545727 5739.050036690533 0.0023825970583119752 9.574545990136834E-4 0.9567933026899782 
1174.0357216700631 17648.95271263716 30.669146756998714 5740.396455832426 0.0031431242422908477 0.0013193999046618985 0.9449963149385606 
2816.252606713916 19989.627995010112 233.64961239248714 5739.646701663709 0.0024103920250587497 3.3894999895577385E-4 0.9557382349057589 
3.5725602138485613 12044.949946645775 42.560522433684014 5753.295240043751 0.17335597009146175 7.596931625806507E-5 0.8421866705056912 
2041.3463693614576 19977.12912701587 9384.68872775374 5745.4042703916775 0.004296739495292329 0.0012627190982113252 0.8753738207845839 
19476.838759169892 19849.95300008024 14529.324636561973 5748.335661465148 1.3838699961907577E-4 5.510091824159258E-4 0.9506877401832761 
8353.999421603898 19834.502018731288 8376.354855140518 5751.158015274919 0.0024546464755382667 0.002828855091966299 0.8922259141659993 
19752.939898616947 19975.157227829346 16131.109351352461 5794.4741893214805 0.0035809472722739205 0.0018299679589576802 0.9482691704192979 
281.9235189650243 15009.062410325985 8.886574040150814 5753.170602550565 0.005015471444145159 2.7783994299893566E-4 0.9808048382034823 
17365.01382312731 19973.163361399253 9579.305160818743 5739.711871156977 0.002325241331516631 0.0012849053278915733 0.9445430129138765 
19884.54033817615 19974.535165311354 11007.39826480133 5719.074698315076 7.997407706663931E-4 6.357091546632697E-4 0.8741443944131467 
1.5348211197680275 13122.737227310256 15.417916369550241 5749.879168827442 0.0137283840125616 0.003320996173728024 0.9802718717748871 
1.5348211197680275 13415.870698095352 15.417916369550241 5753.172541380479 0.5788438354872965 1.9452281739598763E-5 0.9714618141711047 
2558.6638124252113 19973.163361399253 8341.575822782099 5739.711464807894 0.0036085143264260227 0.0012849053278915733 0.9445430129138765 
26.6311785594238 12642.389586011312 70.04877349857091 5753.066386975097 0.576904740960108 5.505015766953812E-4 0.9713970396652595 
14094.239644839141 19951.200856339183 11130.955588384742 5719.004945097584 0.0036148250023045362 0.01551257760619874 0.8725857921205253 
15417.335581969024 19973.163361399253 9579.305160818743 5758.517829107765 0.002325241331516631 5.155581332998791E-4 0.9715032367979924 
112.67070694450572 19982.195776492812 408.77307764435227 5717.905927068026 0.0023825970583119752 0.003890149382025189 0.9567933026899782 
139.5506129610003 12078.124639742504 16.151534666394234 5753.172541380479 0.7020736361471998 9.762779208680073E-4 0.9714618141711047 
18703.822382015813 19999.436482755787 17682.34780249255 5739.4291840575415 0.002375501817898691 3.3234821204487243E-4 0.9091919286791474 
194.0128473176744 19985.711447815527 4514.86020957381 5750.110909003563 0.001807470058325197 0.0019342476847012844 0.8233647023922231 
5553.719503478844 19958.323259493758 7733.563755823033 5751.760058639934 0.002528183802653629 2.025424867069406E-4 0.950689310939793 
26.72155174896074 18607.533260086402 114.45307338985306 5747.875402988605 0.005217568455237218 6.156629382126797E-5 0.8782384621889482 
15.956854951325873 19985.60468220129 8601.274213834096 5735.11997140364 0.009168683154326809 1.3340057204683383E-4 0.8413330953364232 
525.9973368827123 19651.13545170523 3688.0200299072962 5743.836021540379 5.82406130819032E-4 4.199176766300997E-4 0.9495376688172746 
14094.239644839141 19945.65231948543 5448.615148937437 5730.006890176558 0.0036148250023045362 0.0013776400973094037 0.9997729921139481 
71.66919055581815 11742.795424781718 8.999280491683358 5753.172541380479 0.7020736361471998 0.0028968021053319155 0.9795170812836843 
12597.0901977951 19849.752476195554 10950.722792206396 5743.834558586326 0.00394246710839097 4.848725152345626E-4 0.9742413554405382 
11.510146872237442 16673.967052944197 168.3795795805781 5743.855304905032 5.976929057356048E-4 7.905217990933472E-5 0.9517718426145513 
11.510146872237442 16673.967052944197 168.3795795805781 5743.855304905032 5.976929057356048E-4 7.905217990933472E-5 0.9517718426145513 
3.5941956220161293 12692.894978674547 6.01323042138046 5749.598660249957 0.007188500054865349 4.038423660071913E-6 0.8482116843541799 
15.956854951325873 14371.037254173161 13.359095232382643 5749.871436617872 0.009138372425524814 2.840091247693112E-4 0.8410437192570817 
2249.9841778340897 19714.379662602776 6486.904178676456 5738.834168673639 0.003658774812808083 9.488048952519253E-4 0.8726496790403665 
9.120090333678936 13504.013138782735 7.424806113890649 5749.721384718405 0.0037567916280539563 0.02199370086954578 0.9720530189027141 
964.8675182571742 19989.627995010112 2419.856414223989 5739.6578213745 0.0015009518535687005 0.0031031300550836585 0.9936959189603383 
463.27041905686565 14371.037254173161 13.359095232382643 5749.871436617872 0.009114053212717499 2.6924363682623927E-4 0.8410437192570817 
19226.248935050804 19855.339520420297 12390.316989233695 5743.937357435846 3.8059908435261714E-4 4.84782403613439E-4 0.9519998404571742 
9.27173993768845 12972.12437198833 13.423528457443702 5748.223429136729 0.17800398805108197 6.329772314814301E-5 0.8910513661539566 
559.4500581884101 19979.916257613033 3645.7306600559023 5735.260966719485 0.0023752969387924074 0.0039565398540621095 0.6780342592364254 
19884.54033817615 19973.335700527627 12377.843567158514 5743.553512632017 8.034655670361262E-4 1.2424933437028883E-4 0.9552924259973493 
2816.252606713916 19989.627995010112 9963.731277526043 5739.6578213745 0.003645484552240599 3.3894999895577385E-4 0.99583943119698 
5609.457442042326 19957.09507178301 9533.04777144451 5751.423000519792 0.004163434573058731 0.0031887289840296456 0.9765268867343024 
2249.9841778340897 19823.558654753957 6486.904178676456 5738.834168673639 0.003658774812808083 9.488048952519253E-4 0.8726496790403665 
18195.0718264871 19992.491798775896 9649.496095917715 5739.398936164193 1.3543857048419036E-4 3.447048191426345E-4 0.9986018480493278 
8.22823092778167 13415.870698095352 13.359095232382643 5748.223429136729 0.1855656352777444 1.7269823560348067E-4 0.8910006171968732 
13.310319491878545 12353.124152155437 9.306071965264723 5753.321666620119 0.01833838292696937 0.0027501299508629696 0.9710191889520523 
3046.0782619921647 19834.300783504255 7697.2079137439105 5750.655649813494 3.408062713999116E-4 0.0038178705737104785 0.9081268462914182 
18576.083296536686 19973.310924647536 14000.066934097542 5719.246937702107 1.0614856738036874E-4 5.510091824159258E-4 0.9798763571248966 
110.53783233353352 19793.347754259805 1430.106574240675 5743.9808713922885 2.4116946803276712E-4 6.670318738060166E-5 0.9918047199813403 
13199.051426875798 19999.520153156118 8867.526879642563 5717.253567223083 0.0036148250023045362 0.003851771825064137 0.9094313327030414 
14094.239644839141 19951.200856339183 8867.526879642563 5719.087188378887 0.0036148250023045362 0.004071213374078685 0.9290297341127515 
3590.848280702512 19973.73448564225 10426.116100643969 5749.832070298167 0.009112074090718961 3.6312670448198226E-4 0.9929095040791197 
281.9235189650243 15009.062410325985 645.9638142726484 5753.170602550565 0.00450600743204943 2.7783994299893566E-4 0.9516396656899521 
11285.220128406974 19980.407497411266 9392.991982133746 5719.00650640009 1.2213052553097976E-4 0.003903028928174842 0.8753743081483705 
369.67220022829133 19845.25606562714 2522.0967598272746 5764.412935466873 0.005567249744199754 2.8077258051508163E-5 0.9857435131163212 
4.03473073868204 12447.891030174009 15.417916369550241 5753.299910214414 0.5788438354872965 3.2131772765019726E-4 0.9705761513097251 
282.1756099103431 16309.277728998879 13.359095232382643 5749.871436617872 0.009114053212717499 2.6924363682623927E-4 0.8410437192570817 
19623.535187928752 19961.46930347846 9804.459843755738 5743.836021540379 0.0018276572573913599 0.004989001259894546 0.9960328956541569 
19379.153431988292 19856.538193548047 11019.871686876511 5719.458543118904 9.819709536637784E-5 4.7963088371032615E-4 0.8708518083992398 
14.146733129960808 19050.497139264222 7.489098776601395 5749.721384718405 0.0037567916280539563 0.02199370086954578 0.9720530189027141 
19358.994727805242 19999.436482755787 17682.34780249255 5750.141847029127 0.013729295642077923 3.3234821204487243E-4 0.9471706536719438 
15.847279383772443 12665.126229400086 6.091065611857047 5749.609542263815 0.016858572959111723 0.004460804293970926 0.9860674213618343 
1211.388156797988 15217.452723519447 54.943087418576226 5750.819242411078 1.9608639037977868E-5 0.001077050545444224 0.9689148950598707 
366.5652920966703 19992.149383571366 5994.008086355 5749.326983788595 0.0027246295053127726 0.003342080117456018 0.9953151176349084 
6.052868365157733 19873.426255078833 5634.843214261801 5752.707938356583 0.004393235184261734 0.0013980883877424822 0.9987933129923391 
13199.051426875798 19999.520153156118 8512.357979133954 5717.247514502038 0.0035890766034632933 9.130832137486454E-4 0.9094313327030414 
2.734351386565635 13418.062849803659 65.5538118160118 5753.172541380479 0.5648216010165753 1.9452281739598763E-5 0.9714618141711047 
194.0128473176744 19844.420957864786 4514.86020957381 5750.110909003563 0.001807470058325197 0.0019342476847012844 0.8232789777224692 
18576.083296536686 19849.95300008024 13963.179550823901 5748.315767548883 1.0614856738036874E-4 5.510091824159258E-4 0.9507111846220112 
19074.87899589935 19992.180016315913 9581.053338626232 5750.712438036951 9.762284590794671E-4 0.0033415290827159567 0.9772918546928284 
14.146733129960808 19050.497139264222 7.489098776601395 5749.721384718405 0.0037567916280539563 0.02199370086954578 0.9720530189027141 
11285.220128406974 19474.01360878537 9201.61549558162 5740.150616022596 1.2213052553097976E-4 9.703350857083962E-4 0.8753743081483705 
2558.6638124252113 19973.163361399253 7461.598053732588 5739.711464807894 0.002001755271140622 0.0012849053278915733 0.9445430129138765 
9102.143557930372 19831.31008350506 9247.897962141278 5751.363865305556 0.003924368124286325 0.002856979778397934 0.88125218738471 
9.387847252063743 13738.703502325034 10.730966306339985 5753.172541380479 0.5796015920284715 3.1250284335764176E-5 0.9714618141711047 
4.570370001412584 16068.63978579006 60.756008460725766 5749.1284067096185 2.60988063191768E-4 1.9535585555669637E-4 0.9016348189026983 
110.53783233353352 19793.347754259805 1447.8191298582142 5743.9808713922885 0.0019292609567599396 6.663565600532276E-5 0.9526703819725902 
11387.643191256997 19975.00681688836 11202.441592875386 5719.00650640009 8.130495593915173E-4 0.003903028928174842 0.8718234621163921 
9.27173993768845 12863.486283243301 13.423528457443702 5747.859716573269 0.17800398805108197 6.329772314814301E-5 0.8916522131169714 
6.052868365157733 19873.426255078833 5634.843214261801 5752.707938356583 0.004393235184261734 0.0013980883877424822 0.9854300687825275 
19931.475752471048 19985.705673481087 19767.566064458315 5735.4397448323825 0.002375501817898691 2.337403825274434E-5 0.9580030860853765 
11896.103453644773 19594.788898123832 11135.74287191576 5719.00650640009 3.579722164700596E-4 0.003903028928174842 0.8718234621163921 
369.67220022829133 19993.00644794369 2465.487110508828 5764.600887506784 0.003807500212693605 2.8077258051508163E-5 0.9857673748304728 
