1.644 28962.0 
12.284 14519.0 
1.644 28962.0 
12.284 14519.0 
6.193 15050.0 
7.112 15001.0 
10.106 14715.0 
7.872 14941.0 
7.133 14984.0 
2.916 18484.0 
4.442 15543.0 
4.194 15749.0 
2.991 18121.0 
3.061 17760.0 
1.686 28097.0 
9.476 14749.0 
12.193 14528.0 
1.782 26228.0 
2.285 21546.0 
1.656 28589.0 
3.791 16314.0 
2.759 18796.0 
1.975 24112.0 
1.924 24464.0 
11.671 14551.0 
3.612 16576.0 
5.355 15210.0 
1.691 27759.0 
8.881 14826.0 
2.646 19350.0 
1.736 26923.0 
1.72 27326.0 
11.135 14582.0 
10.974 14594.0 
9.099 14782.0 
2.317 21289.0 
2.536 20077.0 
2.602 19768.0 
5.073 15221.0 
2.197 22268.0 
9.266 14762.0 
3.572 16692.0 
1.817 25716.0 
3.399 16946.0 
4.659 15446.0 
4.985 15259.0 
5.808 15103.0 
2.463 20355.0 
1.836 25597.0 
3.441 16887.0 
1.845 25262.0 
2.231 21980.0 
1.701 27483.0 
4.032 15919.0 
2.159 22433.0 
2.453 20718.0 
6.096 15078.0 
10.734 14627.0 
10.634 14650.0 
5.487 15111.0 
3.292 17216.0 
10.348 14657.0 
3.276 17223.0 
8.395 14864.0 
3.168 17480.0 
1.865 25073.0 
4.798 15356.0 
3.168 17480.0 
11.408 14581.0 
2.563 19793.0 
7.911 14913.0 
10.322 14659.0 
8.124 14895.0 
1.761 26464.0 
2.108 22832.0 
8.627 14851.0 
2.477 20257.0 
11.422 14572.0 
1.744 26748.0 
8.673 14830.0 
3.884 16151.0 
1.895 24773.0 
2.367 20961.0 
2.231 21980.0 
2.058 23220.0 
2.429 20771.0 
11.665 14553.0 
4.008 15964.0 
3.905 16102.0 
2.05 23275.0 
1.908 24765.0 
5.843 15099.0 
1.648 28852.0 
2.01 23769.0 
8.41 14852.0 
2.688 19196.0 
8.124 14895.0 
9.476 14749.0 
1.752 26570.0 
2.343 21042.0 
