3.607 18747.0 
16.285 14342.0 
4.024 17721.0 
12.791 14646.0 
4.043 17231.0 
14.176 14635.0 
11.604 14876.0 
8.556 15061.0 
10.536 14892.0 
6.969 15281.0 
5.9 15315.0 
9.478 15058.0 
4.485 16574.0 
7.487 15216.0 
6.699 15311.0 
15.884 14400.0 
5.547 15501.0 
4.324 16694.0 
10.093 14906.0 
7.808 15147.0 
5.227 15624.0 
8.215 15131.0 
3.708 18516.0 
4.497 16425.0 
3.822 18031.0 
9.708 14961.0 
3.878 17899.0 
3.908 17829.0 
14.569 14544.0 
3.712 18341.0 
4.692 16128.0 
12.191 14814.0 
4.078 17203.0 
7.587 15170.0 
12.721 14668.0 
14.33 14573.0 
11.727 14828.0 
10.285 14898.0 
12.284 14749.0 
4.122 17064.0 
4.319 16783.0 
4.171 16983.0 
15.393 14441.0 
4.95 15851.0 
4.813 15994.0 
12.438 14701.0 
4.541 16357.0 
5.63 15486.0 
3.635 18599.0 
14.872 14537.0 
15.602 14421.0 
3.741 18196.0 
8.363 15100.0 
4.188 16927.0 
4.975 15792.0 
15.654 14402.0 
15.265 14457.0 
3.758 18095.0 
4.813 15994.0 
3.661 18562.0 
8.455 15089.0 
15.029 14518.0 
5.637 15393.0 
10.536 14892.0 
12.415 14706.0 
4.889 15909.0 
5.093 15738.0 
4.127 17059.0 
6.699 15311.0 
12.211 14799.0 
4.253 16830.0 
3.732 18268.0 
5.052 15765.0 
15.189 14481.0 
15.089 14489.0 
4.221 16876.0 
4.666 16186.0 
4.846 15927.0 
4.603 16318.0 
5.131 15692.0 
3.759 18092.0 
3.618 18681.0 
14.242 14600.0 
4.605 16292.0 
3.718 18306.0 
9.627 14978.0 
5.819 15345.0 
5.737 15383.0 
3.74 18217.0 
5.148 15670.0 
4.64 16248.0 
3.618 18681.0 
4.657 16236.0 
9.559 15017.0 
9.509 15056.0 
11.642 14854.0 
4.686 16156.0 
14.233 14624.0 
5.213 15646.0 
4.241 16853.0 
