9987.202956119107 9962.154971395226 9961.473892578395 5843.099102726407 0.0026696535417867415 8.943952666130184E-4 0.9217931000958599 
2676.846396721048 9796.987068393955 7.682412295275073 5830.9960493159815 0.9966471343641823 9.505804747289067E-4 0.028088690710385167 
7608.937841719022 9978.370428263737 8073.941387554035 5842.857872799027 0.012508200037628314 0.003189856659951654 0.9077852165634297 
3349.3710136093678 9980.851734080601 11.968626772783239 5846.488090082551 0.9693531147324946 0.001020434857865243 0.2834843590116348 
9958.636172128767 9994.631212152028 5227.464160785403 5850.552050011154 0.004003288393664761 2.4964554247791366E-4 0.7510000626679055 
4348.632692982452 9980.840642615 396.1931348282178 5818.06597917386 0.3234250173523935 0.0014781340893527985 0.02893768845070932 
4287.87841613296 9985.281310838038 215.57017831331467 5832.888378296918 0.8184429079739206 5.901591939429175E-4 0.33925308855921504 
3791.0598821484014 9724.839075699228 106.0279621117212 5787.216868104494 0.4423804585935962 8.086805884971794E-4 0.7388110347611513 
3004.6403999086733 9979.235993645334 7.682412295275073 5849.79330018213 0.9751005086307775 0.0019444913414806003 0.7526366609013497 
3315.898962029407 9329.337256005423 57.13222500172834 5846.473661984388 0.1027299195301815 0.001082395577008455 0.7327565441574823 
3791.0598821484014 9921.306462077431 4.41004992629999 5832.174258943241 0.01870518407809249 3.688932631744087E-4 0.9152017197642955 
4407.206762157477 9985.132496089574 213.76983616064211 5832.54359499849 0.8487049024861839 3.5130582058045374E-4 0.8070918582234669 
7643.393089598429 9977.848885371846 3968.058406352743 5839.0616996147055 0.004226412100163335 0.0010210116038006077 0.9239631131598075 
4255.154032239956 9921.965246337877 3.0043273183068777 5839.420240296148 0.3170179637595752 9.043174492249573E-4 0.9121484518899764 
4477.309147548636 9329.337256005423 57.13222500172834 5850.495587169112 0.1027299195301815 0.001079897395054521 0.7327565441574823 
3004.6403999086733 9979.235993645334 7.682412295275073 5886.691308574184 0.9729094923811185 0.0033110126891966324 0.028088690710385167 
4644.6014917279535 9985.132496089574 444.64212603403666 5832.681832481081 0.004961505041633729 5.901591939429175E-4 0.33925308855921504 
9920.582895533087 9957.399879952265 3314.8661983699385 5832.63219677363 0.003480541056684938 0.0010276451442438933 0.7725152120610049 
2909.767256559743 9979.235993645334 7.682412295275073 5851.4083039840825 0.9751005086307775 0.0019444913414806003 0.8856537705042212 
4405.854903371259 9981.617474139563 39.751855459655786 5786.967375971951 0.41827863934580445 9.937714345576694E-4 0.9123141762274982 
7349.079282379067 9921.606868444109 5.4106097856325555 5832.345722921281 0.004124797509497787 5.889583591614796E-4 0.8867639541918537 
4541.453720815321 9990.427254180311 12.60175926133143 5850.3568817215955 0.4298502865072905 0.0019410809206440354 0.7283492454988775 
9987.202956119107 9678.725306698647 9514.819619943097 5843.099102726407 0.0026696535417867415 0.0034238959172172723 0.9217931000958599 
9887.148246919245 9998.231290511858 2178.026768098767 5842.09236976064 0.0018700050798951366 0.0011511188269335152 0.9158808976295322 
9987.202956119107 9678.725306698647 8102.101815774928 5843.099102726407 0.0026696535417867415 0.0034238959172172723 0.9217931000958599 
4217.464536191279 9921.965246337877 2.592547794198222 5830.578489320242 0.9959897937098168 9.075044223161451E-4 0.9053069970745559 
9039.922078162475 9978.377277834363 7993.294292036448 5842.857872799027 0.012508200037628314 0.003189856659951654 0.9077852165634297 
9590.292799106455 9938.217398594135 7368.730212740578 5953.056636961483 0.0104453576392898 0.0010690380156943976 0.6842208376411002 
3946.8516257597475 9980.558105543272 7.254976601682017 5856.711991069879 0.3234250173523935 0.0032523454106548385 0.02893768845070932 
9637.736749333559 9981.656319675001 8938.573862064262 5856.746173074723 0.0017545217409939157 0.0010499802832694214 0.7330853094052441 
9976.052889263292 9989.831427011519 941.3870498045494 5812.819551139834 1.887510189290051E-4 0.0026076493271950086 0.9293150519894169 
4272.324074901372 9981.438017682298 534.2379609754797 5846.488090082551 0.9693531147324946 0.001006375828703894 0.28308234176227803 
9938.941187245795 9973.517013968287 5277.293643674711 5834.445200483763 0.013097610569174578 9.145092097715782E-4 0.7808432411569779 
3907.0529347646293 9968.762812795587 207.6086362655456 5851.274524091151 0.10559813275151025 0.0010053210067157124 0.28273216162137516 
3349.3710136093678 9984.777568118354 11.968626772783239 5811.430914621664 0.9238423434604233 0.001020434857865243 0.2834843590116348 
4678.198794127629 9921.902518117964 1.2917162258037536 5856.711991069879 0.3366988395271445 0.0010531773962890218 0.03199515475579051 
4180.408159971424 9985.132496089574 10.918604788167016 5832.888378296918 0.8184429079739206 0.001027320920792909 0.33925308855921504 
3824.522117880913 9999.440484054905 12.60175926133143 5850.319882734433 0.9852902416148672 0.0010022173737443867 0.72890671311918 
4539.465948557404 9979.271665563278 0.8047333304691779 5846.906189949324 0.972637732606367 0.0031979165694955188 0.28666625186542555 
9938.501134020606 9973.761811294155 4668.512372566065 5842.361678732534 0.004221643860835053 0.003280950658125777 0.7628634455769148 
9682.53777784293 9750.696400880797 3913.7858332970827 5839.1594070547735 0.003480541056684938 9.024187646410027E-4 0.9260422728192447 
9742.934258945668 9957.01121539493 4492.139700743715 5839.348449445738 0.003480541056684938 9.82392654527329E-4 0.9224595936307843 
3946.8516257597475 9980.539881105336 6.552864577052375 5856.711991069879 0.9906436732490089 0.0032523454106548385 0.02893768845070932 
9758.446803427289 9982.346650602245 22.059969406366804 5834.704735913953 0.01637484490373345 9.140341625452837E-4 0.9231228257365817 
9957.806949980724 9993.936272901672 266.2046228684984 5850.552050011154 0.004003288393664761 0.0011130866494249332 0.7510000626679055 
4220.374077722508 9980.851734080601 7.053221257121297 5846.488090082551 0.9693531147324946 0.001020434857865243 0.2834843590116348 
9988.69900854987 9930.407004276047 2122.547429134782 5788.167514475217 0.01300420035436126 0.004593439699047257 0.9217931000958599 
4998.779342902593 9980.46248793204 25.94877084887031 5965.400947944233 0.012150328522733123 0.002741423518441424 0.924523181090531 
9986.90967162508 9984.721166892665 9514.819619943097 5856.746173074723 0.0026696535417867415 0.0011533368299001072 0.7747599089907959 
4880.251854632845 9988.96213529652 217.1577014642406 5864.75852051557 0.42930103081246523 0.004075754008396292 0.013972917347673253 
3510.7309999717304 9971.049722097958 145.87313802151783 5886.251373832228 0.42930103081246523 2.0692514202949206E-5 0.013972917347673253 
9578.702206868324 9980.059851324062 8609.826283154971 5812.819551139834 0.004447499841269069 1.5910189652727964E-4 0.6842208376411002 
4516.871196775441 9724.839075699228 2.493994630339415 5787.216868104494 0.43156724609160213 0.0019671739628624625 0.7367383765709898 
9986.90967162508 9984.721166892665 4131.406167071534 5839.334563616697 0.0026696535417867415 9.064825641477515E-4 0.7747599089907959 
9179.394538771949 9907.867318450348 2.5367001629169863 5789.090605493624 0.0016216770892657937 0.0012953534156078944 0.7813067701483898 
3510.7309999717304 9971.049722097958 48.67518802495897 5886.251373832228 0.42930103081246523 2.0906596855056467E-5 0.013972917347673253 
4192.445708702925 9979.235993645334 7.645316008780649 5846.906189949324 0.972637732606367 0.0031979165694955188 0.028088690710385167 
9999.91886694437 9930.288642585923 8102.101815774928 5843.182061860578 0.0031072513265938406 0.0034238959172172723 0.9217931000958599 
9957.806949980724 9992.94970996291 266.2046228684984 5850.552050011154 0.004003288393664761 0.0011130866494249332 0.7672203011084258 
9987.202956119107 9868.027183242726 9514.819619943097 5843.099102726407 0.0026696535417867415 0.0034238959172172723 0.9217931000958599 
3815.64240618828 9915.699448625624 12.60175926133143 5850.3568817215955 0.4298502865072905 9.80790435714217E-4 0.72890671311918 
4215.499503588216 9981.402345764354 533.1109840081315 5831.943389870651 0.9689302858503093 9.980269368385678E-4 0.02439606670491587 
5083.71915178257 9982.248848291294 22.059969406366804 5846.182351201646 0.01637484490373345 8.882911460331197E-4 0.924523181090531 
3004.6403999086733 9979.235993645334 7.682412295275073 5849.85490534564 0.9751005086307775 0.0019444913414806003 0.7527528774514085 
4272.324074901372 9981.438017682298 10.610744531568272 5846.488090082551 0.9693531147324946 0.001006375828703894 0.28308234176227803 
9590.292799106455 9981.640025587283 356.1364018908248 5812.819551139834 0.0104453576392898 0.0014973607611507398 0.6842208376411002 
7711.168560897708 9994.717497884396 326.07722142779585 5832.6228248152 0.004124797509497787 0.001018452300236304 0.8981477403805007 
9883.98215326699 9973.746964122753 4674.853069424328 5845.028702185863 0.0042269114910979955 2.09160192454273E-5 0.7628634455769148 
4477.309147548636 9329.337256005423 57.13222500172834 5850.495587169112 0.10239371709841867 0.0014759787499596523 0.7327565441574823 
4215.499503588216 9981.438017682298 528.8423131003375 5831.943389870651 0.9689302858503093 9.980269368385678E-4 0.28284562813708547 
9742.934258945668 9957.399879952265 3913.7858332970827 5839.154233783293 0.003480541056684938 9.82392654527329E-4 0.9260422728192447 
9775.647458335268 9915.892285814609 8716.424576460222 5850.83274091599 2.689633439712626E-4 0.003035981572249687 0.7948081589641999 
8584.212161007677 9910.766348722853 49.81887050460523 5838.262391019504 0.003453625540932137 0.003162371706096823 0.7807609099453486 
4330.836849166261 9990.355427898445 7.682412295275073 5863.557682757771 0.9512141523553026 0.0033110126891966324 0.028088690710385167 
4564.282848270717 9979.235993645334 7.672033294051575 5850.863513204463 0.9729094923811185 0.0033110126891966324 0.028088690710385167 
9920.582895533087 9957.399879952265 4001.7800217375247 5832.63219677363 0.003480541056684938 0.0010276451442438933 0.7725152120610049 
9771.32227380852 9938.690906000576 1518.6754703771649 5787.911700951095 0.010401238541931656 0.001018643343348325 0.8712868898828298 
9999.91886694437 9977.598292962948 42.31023641804177 5815.00275171139 0.0031072513265938406 0.0034238959172172723 0.9316307937483049 
9607.873738037777 9978.442282022033 2013.7409309395803 5845.828838398187 0.013487004895580634 0.003189856659951654 0.7548743460470861 
7711.168560897708 9994.717497884396 111.85106223932496 5832.6228248152 0.004124797509497787 0.001018452300236304 0.8981477403805007 
9987.202956119107 9930.342000920771 8102.101815774928 5842.875332787997 0.0031072513265938406 0.0034238959172172723 0.9217931000958599 
9986.90967162508 9984.721166892665 9751.151191765366 5856.583447318855 0.0026696535417867415 0.0011533368299001072 0.7747599089907959 
5025.68536347096 9836.489144911158 12.208413882320627 5841.880796303671 0.32521594484551875 0.0014774971031775973 0.028562408091909505 
9887.148246919245 9998.231290511858 1719.1756176356794 5842.194637182865 0.01315386868587129 0.001018643343348325 0.9158808976295322 
9775.647458335268 9945.793465994415 8809.245963275223 5850.83274091599 2.689633439712626E-4 0.003051960931983904 0.7948081589641999 
4287.87841613296 9985.132496089574 10.918604788167016 5832.577148676429 0.8487049024861839 3.5130582058045374E-4 0.7752517785394695 
4125.396798300745 9958.73934665977 12.258424116832373 5850.094932676201 0.015903582443097752 9.457910688003203E-4 0.9535382740875251 
4310.211543802818 9987.168747797574 5.327883670188214 5855.37501219036 0.006540226634348112 6.878367567497885E-4 0.9104803723064278 
9578.526795751677 9980.085825388582 8637.421489274657 5832.888378296918 0.004609745281082996 1.5962176839191084E-4 0.31372188942220386 
7713.050063018565 9999.419616337427 5.423466979511254 5832.345722921281 0.0024917616974825313 0.001018452300236304 0.8981477403805007 
9945.870613433042 9969.567109597854 1518.6754703771649 5842.194637182865 0.012586313067770357 0.001018643343348325 0.9437564539653025 
9986.90967162508 9984.721166892665 9751.151191765366 5856.588368653973 0.0026696535417867415 0.0011533368299001072 0.7747599089907959 
9885.9322042246 9938.690906000576 1518.6754703771649 5844.914865260595 0.010401238541931656 0.001018643343348325 0.9158808976295322 
4287.87841613296 9985.132496089574 213.76983616064211 5832.54359499849 0.8487049024861839 3.5130582058045374E-4 0.7752517785394695 
4476.017020426942 9980.539881105336 9.013658735826198 5856.832213188196 0.7733455569561044 0.0032523454106548385 0.7542407631973362 
4257.04300432089 9985.281310838038 215.57017831331467 5832.656259548645 0.8359243586871034 5.251428139714282E-4 0.33925308855921504 
9955.822609835972 9996.554195582235 996.913060397752 5843.258666552079 0.004003288393664761 0.0010933113836560323 0.9204223935135692 
4220.524509197457 9980.840642615 396.1931348282178 5818.06597917386 0.3234250173523935 0.0014781340893527985 0.02893768845070932 
7453.0563389123 9923.895179688514 10.720660633959369 5848.793396446 0.004017855556087346 6.817767253962138E-4 0.7443472473003527 
9742.934258945668 9957.399879952265 4001.7800217375247 5839.154233783293 0.003480541056684938 0.0010626229719731689 0.780628510559956 
